Date,Open,High,Low,Close,Volume,Dividends,Stock Splits
2010-01-01 00:00:00-05:00,24.794594922847548,25.075134784621884,24.526792489228132,24.9709529876709,3189366,0.0,0.0
2010-01-08 00:00:00-05:00,24.820721855102207,25.467368073452437,24.774999672071313,25.447771072387695,3617974,0.0,0.0
2010-01-15 00:00:00-05:00,25.40858387518836,25.630664133690637,24.88604033164962,24.918701171875,3993770,0.0,0.0
2010-01-22 00:00:00-05:00,24.93828968542084,25.356322426383958,24.65742347039781,24.79458999633789,4013084,0.0,0.0
2010-01-29 00:00:00-05:00,24.866445617853017,25.702511294014062,24.59864317522817,24.722745895385742,4347946,0.0,0.0
2010-02-05 00:00:00-05:00,24.677026294662994,24.840320544874736,24.128357514284648,24.761940002441406,3072634,0.0,0.0
2010-02-12 00:00:00-05:00,24.513726395108893,27.56406358176453,24.39615436271785,26.538576126098633,4890012,0.0,0.0
2010-02-19 00:00:00-05:00,26.34262174824757,26.852098858940153,25.963778005250273,26.32302474975586,3754037,0.0,0.0
2010-02-26 00:00:00-05:00,26.42100572231626,26.83250786105017,26.087884112783822,26.26424217224121,3180286,0.41,0.0
2010-03-05 00:00:00-05:00,26.734457373624974,26.998369556209468,26.46229486789074,26.98517608642578,2700134,0.0,0.0
2010-03-12 00:00:00-05:00,26.965389024362526,27.473423338900666,26.62890007155304,27.328269958496094,2748002,0.0,0.0
2010-03-19 00:00:00-04:00,27.545988013824175,28.78638290935181,27.268879881426674,27.90886878967285,4604901,0.0,0.0
2010-03-26 00:00:00-04:00,27.961663532700534,28.278359742176573,27.565791383197183,28.14640235900879,3154256,0.0,0.0
2010-04-02 00:00:00-04:00,28.14640376421025,28.5554694072629,28.080426327771324,28.364133834838867,2355984,0.0,0.0
2010-04-09 00:00:00-04:00,28.37073013409392,29.9674072265625,28.271761464084324,29.9674072265625,6028527,0.0,0.0
2010-04-16 00:00:00-04:00,29.67050652749125,29.901430070500652,27.8495000970708,28.357534408569336,6696146,0.0,0.0
2010-04-23 00:00:00-04:00,28.35753976618922,28.872170911770176,27.75713592405199,28.529085159301758,4726320,0.0,0.0
2010-04-30 00:00:00-04:00,28.56866383505168,28.832578600125427,25.071807040652068,26.602506637573242,6093566,0.0,0.0
2010-05-07 00:00:00-04:00,26.549732988704427,28.39712933591467,25.82396843013287,27.710952758789062,6615818,0.0,0.0
2010-05-14 00:00:00-04:00,27.486618748028967,27.70434881402932,25.98890781742566,26.02849578857422,5412205,0.0,0.0
2010-05-21 00:00:00-04:00,25.494071898580472,27.01157569885254,25.098202217423605,27.01157569885254,7917074,0.0,0.0
2010-05-28 00:00:00-04:00,27.011572096123672,27.17651819408532,26.239625565764456,26.701475143432617,3968794,0.0,0.0
2010-06-04 00:00:00-04:00,26.252819664963813,26.655288517705863,25.50726265114456,26.622297286987305,5428070,0.41,0.0
2010-06-11 00:00:00-04:00,26.674925663911033,27.801661264699042,26.64825933708842,27.714988708496094,3520189,0.0,0.0
2010-06-18 00:00:00-04:00,27.84166257582816,28.1683498828635,26.641591373498954,26.74826431274414,3099760,0.0,0.0
2010-06-25 00:00:00-04:00,26.748249781226825,27.301617101440844,25.87486636041583,26.574907302856445,5112039,0.0,0.0
2010-07-02 00:00:00-04:00,26.628260899177867,27.28163306715518,26.048226864706432,27.254966735839844,3930253,0.0,0.0
2010-07-09 00:00:00-04:00,27.294954672836404,28.21501006771122,26.834928247040327,28.10167121887207,4608403,0.0,0.0
2010-07-16 00:00:00-04:00,28.35501577359758,29.10839454223716,28.05166575476215,28.435022354125977,8041621,0.0,0.0
2010-07-23 00:00:00-04:00,28.368356230244473,29.32174656617782,28.168344822998133,28.461694717407227,5242412,0.0,0.0
2010-07-30 00:00:00-04:00,28.155004707864865,29.46174835098393,28.05500029606599,29.41507911682129,4548615,0.0,0.0
2010-08-06 00:00:00-04:00,29.1883992203806,29.681762971342028,28.055000614115986,28.381685256958008,4674994,0.0,0.0
2010-08-13 00:00:00-04:00,28.021656608085294,29.281730731911033,27.7349727812244,28.581689834594727,3982971,0.0,0.0
2010-08-20 00:00:00-04:00,28.335022131541194,28.898723026092295,27.928330818727893,28.268352508544922,6324176,0.0,0.0
2010-08-27 00:00:00-04:00,28.42836449475637,29.275082047256568,27.88833386236485,29.1617431640625,4160115,0.0,0.0
2010-09-03 00:00:00-04:00,29.47508501891683,29.70176526346568,27.98833026974863,28.415021896362305,4389102,0.41,0.0
2010-09-10 00:00:00-04:00,28.757627000263824,29.383671034022314,28.622993405319225,29.154794692993164,3612182,0.0,0.0
2010-09-17 00:00:00-04:00,29.639413301269162,30.191475644910838,29.174996735224113,29.57216453552246,3155114,0.0,0.0
2010-09-24 00:00:00-04:00,29.888556054241302,30.507867223100032,29.726995167452014,30.016456604003906,3158058,0.0,0.0
2010-10-01 00:00:00-04:00,30.245331121454665,30.265525268058507,29.706799145993717,30.07703971862793,4107104,0.0,0.0
2010-10-08 00:00:00-04:00,30.16455328808193,30.905034465777497,29.989528783440566,30.655963897705078,4784282,0.0,0.0
2010-10-15 00:00:00-04:00,31.207946574090386,32.601398667143926,31.20121348243815,32.02920913696289,9016242,0.0,0.0
2010-10-22 00:00:00-04:00,32.029210155724776,32.359059755358196,31.44355442361116,32.04267120361328,3526830,0.0,0.0
2010-10-29 00:00:00-04:00,32.06959843523458,32.66198469129245,31.46375113128821,32.04267120361328,5307826,0.0,0.0
2010-11-05 00:00:00-04:00,32.04940429547968,32.5340841929745,31.52433611847506,32.04267120361328,3168846,0.0,0.0
2010-11-12 00:00:00-05:00,31.901306546578112,32.27154698734261,31.382968902338977,31.97535514831543,3411566,0.0,0.0
2010-11-19 00:00:00-05:00,31.982080775507303,32.87739181518555,31.652231231989205,32.87739181518555,3276802,0.0,0.0
2010-11-26 00:00:00-05:00,32.68891366955594,33.4832490693724,32.056136532255415,33.38900375366211,5556159,0.0,0.0
2010-12-03 00:00:00-05:00,33.25437963397175,34.62763542238841,33.25437963397175,33.91408157348633,7644338,0.41,0.0
2010-12-10 00:00:00-05:00,34.298062947291335,34.779891060679454,34.243771143023295,34.7595329284668,3632053,0.0,0.0
2010-12-17 00:00:00-05:00,34.80703669650294,35.02419873436214,34.50171907993907,34.63737869262695,3359182,0.0,0.0
2010-12-24 00:00:00-05:00,34.63737331144445,35.01062034422967,34.42021130732304,34.86132049560547,1550922,0.0,0.0
2010-12-31 00:00:00-05:00,34.77988759873312,35.56031538036122,34.515221551210246,34.535579681396484,3936089,0.0,0.0
2011-01-07 00:00:00-05:00,34.610233954901084,35.309224125974175,34.34964001845946,34.6441650390625,3572083,0.0,0.0
2011-01-14 00:00:00-05:00,34.67130099232562,34.83417377384712,34.24376220600985,34.284481048583984,2985988,0.0,0.0
2011-01-21 00:00:00-05:00,34.42020752352509,35.37707830798898,34.12160785910161,35.207420349121094,3261096,0.0,0.0
2011-01-28 00:00:00-05:00,35.28885727193027,36.10321603442215,34.78666854861481,35.248138427734375,4709099,0.0,0.0
2011-02-04 00:00:00-05:00,35.20063010334988,36.47645858909036,35.166699031719645,36.45610046386719,3005830,0.0,0.0
2011-02-11 00:00:00-05:00,36.259309178194435,36.863291264163855,36.076078221421284,36.734352111816406,3073834,0.0,0.0
2011-02-18 00:00:00-05:00,36.84971748343186,37.7998033292858,34.75953224683911,35.139564514160156,6184161,0.0,0.0
2011-02-25 00:00:00-05:00,35.28885830901809,36.68684093552673,35.20742320700818,36.57147216796875,4603510,0.0,0.0
2011-03-04 00:00:00-05:00,36.53752875661428,36.53752875661428,35.119188480609694,35.35670852661133,4235121,0.45,0.0
2011-03-11 00:00:00-05:00,35.48118732227314,35.823405563185915,34.12600340156872,35.049991607666016,4566116,0.0,0.0
2011-03-18 00:00:00-04:00,35.57701002530258,36.275135589582064,35.25532402514644,36.01504898071289,3286621,0.0,0.0
2011-03-25 00:00:00-04:00,36.151927686804726,36.781610484542846,35.720732056575606,36.713165283203125,3291489,0.0,0.0
2011-04-01 00:00:00-04:00,36.87744903564453,37.46606499797106,36.34358665001975,36.87744903564453,3325083,0.0,0.0
2011-04-08 00:00:00-04:00,37.021186861666415,37.19913928204074,36.28199385952877,36.9664306640625,4085217,0.0,0.0
2011-04-15 00:00:00-04:00,36.76108312965635,36.767928956647786,35.02261382418772,35.7891845703125,7362336,0.0,0.0
2011-04-22 00:00:00-04:00,35.78918282980168,36.795302642418775,35.54962850419352,36.7816162109375,2633332,0.0,0.0
2011-04-29 00:00:00-04:00,36.911661193979455,37.1238374520146,36.03558329665411,36.329891204833984,4514077,0.0,0.0
2011-05-06 00:00:00-04:00,36.733706414027644,38.287377612463565,36.501000505996785,38.26000213623047,3840549,0.0,0.0
2011-05-13 00:00:00-04:00,38.321612995130955,38.321612995130955,37.274423041015645,37.82197189331055,4202182,0.0,0.0
2011-05-20 00:00:00-04:00,37.8561953554952,37.8561953554952,36.35727729018268,36.747406005859375,4962199,0.0,0.0
2011-05-27 00:00:00-04:00,36.897978825146794,37.513972839958015,35.59070495897503,35.76181411743164,4044378,0.0,0.0
2011-06-03 00:00:00-04:00,35.31693288277724,35.64546479831273,34.45043680921429,34.74885177612305,4844819,0.45,0.0
2011-06-10 00:00:00-04:00,34.87809437435705,35.38907931271418,34.34639735441557,35.050724029541016,4552685,0.0,0.0
2011-06-17 00:00:00-04:00,35.32001981771614,36.34198680896932,35.22334502192885,36.266029357910156,4545065,0.0,0.0
2011-06-24 00:00:00-04:00,36.29365478723564,37.62635575727222,35.906963463195254,37.564208984375,3850712,0.0,0.0
2011-07-01 00:00:00-04:00,37.64708519247848,39.815313797282016,37.52969562704661,39.61506271362305,4052179,0.0,0.0
2011-07-08 00:00:00-04:00,39.131693378927885,39.57362755862072,37.79899471423658,38.0613899230957,5669838,0.0,0.0
2011-07-15 00:00:00-04:00,39.566720521822766,39.787686292516696,38.63452134134025,38.945255279541016,6251409,0.0,0.0
2011-07-22 00:00:00-04:00,39.048833135420544,39.135287583876206,36.59749220334146,36.811553955078125,5238245,0.0,0.0
2011-07-29 00:00:00-04:00,36.52151726618533,37.094648794898525,33.987316036448924,34.083988189697266,9364117,0.0,0.0
2011-08-05 00:00:00-04:00,34.51211722239061,34.67093617468068,31.833597252412748,34.042564392089844,10804560,0.0,0.0
2011-08-12 00:00:00-04:00,34.380913383759484,35.320018873347365,33.70420563605499,34.077083587646484,6462566,0.0,0.0
2011-08-19 00:00:00-04:00,33.63515983344537,36.41104487694369,33.63515983344537,35.637664794921875,9027198,0.0,0.0
2011-08-26 00:00:00-04:00,35.237176201308145,38.51023672127808,34.919538161336654,38.25474548339844,10819361,0.0,0.0
2011-09-02 00:00:00-04:00,37.49515897979151,37.61254851005154,35.63766491752577,36.93584060668945,5366353,0.45,0.0
2011-09-09 00:00:00-04:00,36.91213824199334,37.99164364035868,35.63066012883083,37.880210876464844,6033612,0.0,0.0
2011-09-16 00:00:00-04:00,37.81753503638986,38.0821888837053,33.55522790414119,33.91738510131836,9652835,0.0,0.0
2011-09-23 00:00:00-04:00,33.79202960380429,36.828576765955646,33.764170739234494,36.48731231689453,6904333,0.0,0.0
2011-09-30 00:00:00-04:00,35.951038932952535,36.570884019539534,33.79899092661484,36.55695724487305,7378997,0.0,0.0
2011-10-07 00:00:00-04:00,36.842493484539744,38.52095097253407,35.957994765430435,37.859317779541016,4543214,0.0,0.0
2011-10-14 00:00:00-04:00,38.43739320834543,39.86512967037516,37.33002842148034,38.74383544921875,6525974,0.0,0.0
2011-10-21 00:00:00-04:00,39.15472146086639,41.36944973356476,39.105969797869655,41.341590881347656,6683052,0.0,0.0
2011-10-28 00:00:00-04:00,40.86103633600952,41.09086788928222,38.79952902528982,41.0281867980957,4585639,0.0,0.0
2011-11-04 00:00:00-04:00,40.77747072653399,40.91676236380673,39.40545513983003,40.28995132446289,4659096,0.0,0.0
2011-11-11 00:00:00-05:00,40.88194661250902,41.00034279609875,39.433317605594496,39.74672317504883,3022647,0.0,0.0
2011-11-18 00:00:00-05:00,40.046189197600825,40.08797748189522,37.72002784054777,37.82449722290039,4120906,0.0,0.0
2011-11-25 00:00:00-05:00,37.908063769468434,41.53659539588258,37.67823223565393,41.12568664550781,4111571,0.0,0.0
2011-12-02 00:00:00-05:00,41.51571480229361,42.45592871038423,40.44317264242653,40.56853485107422,5099643,0.45,0.0
2011-12-09 00:00:00-05:00,41.15509237260663,41.569099365750404,40.05341324584745,40.39023208618164,3687499,0.0,0.0
2011-12-16 00:00:00-05:00,40.68497180059809,42.516427510671754,40.42534095843126,42.45327377319336,3946332,0.0,0.0
2011-12-23 00:00:00-05:00,42.55149619026253,43.65317555545775,42.397119851231764,43.47774887084961,2456145,0.0,0.0
2011-12-30 00:00:00-05:00,43.54091748568833,43.86370205340439,42.80412569353658,43.50583267211914,3693401,0.0,0.0
2012-01-06 00:00:00-05:00,43.53389407148708,44.42506210151827,42.691845307325394,44.172447204589844,4146162,0.0,0.0
2012-01-13 00:00:00-05:00,43.99702615909646,45.87759831640279,43.60406930471029,45.5267448425293,3382757,0.0,0.0
2012-01-20 00:00:00-05:00,45.498662302824776,45.716195031958506,44.663634925406576,45.37236022949219,2792623,0.0,0.0
2012-01-27 00:00:00-05:00,45.09167452151587,45.46357821990341,44.48118775871535,44.90922927856445,3472799,0.0,0.0
2012-02-03 00:00:00-05:00,45.33728333610963,45.610948599418236,44.902225806665164,45.3934211730957,3258465,0.0,0.0
2012-02-10 00:00:00-05:00,44.97941390508805,46.03899288636522,44.789042597711166,46.02495574951172,3477978,0.0,0.0
2012-02-17 00:00:00-05:00,46.38984425359058,46.61439025067181,43.27426385968953,43.695289611816406,5968786,0.0,0.0
2012-02-24 00:00:00-05:00,43.716328943253465,44.3338316179767,43.337406664891574,44.18647384643555,5053610,0.0,0.0
2012-03-02 00:00:00-05:00,44.03209703351541,44.263661537837926,43.31635585215318,44.1794548034668,4625448,0.495,0.0
2012-03-09 00:00:00-05:00,44.51231126300959,45.18427581815007,44.109133069575684,44.8871955871582,3838446,0.0,0.0
2012-03-16 00:00:00-04:00,44.88719417156265,44.88719417156265,43.713025615771045,43.88985824584961,3853693,0.0,0.0
2012-03-23 00:00:00-04:00,43.9393585328622,44.4769310847579,43.32398191263385,44.201072692871094,4773971,0.0,0.0
2012-03-30 00:00:00-04:00,44.34962542173553,45.07110289671757,44.12327986467276,44.816463470458984,4183368,0.0,0.0
2012-04-06 00:00:00-04:00,44.816462441108754,44.816462441108754,42.56715115848953,44.54767608642578,3442411,0.0,0.0
2012-04-13 00:00:00-04:00,44.512307151749226,46.40087823095399,44.3566935833048,44.88011932373047,6142152,0.0,0.0
2012-04-20 00:00:00-04:00,44.98622244494805,45.74306592674428,44.15864698659686,45.70770263671875,5321595,0.0,0.0
2012-04-27 00:00:00-04:00,45.94112706368358,47.037491813425575,45.57331747208591,46.514068603515625,3447883,0.0,0.0
2012-05-04 00:00:00-04:00,46.294787164303635,46.47940157956919,45.44599257443348,45.750144958496094,3374167,0.0,0.0
2012-05-11 00:00:00-04:00,45.43184751356472,46.11088425246309,43.01277542114258,43.01277542114258,5002780,0.0,0.0
2012-05-18 00:00:00-04:00,43.161305100498026,44.271813709604,42.326654939758924,43.826194763183594,4404191,0.0,0.0
2012-05-25 00:00:00-04:00,43.50790108833901,44.80938941260868,43.50082897004627,44.561824798583984,3406999,0.0,0.0
2012-06-01 00:00:00-04:00,44.052548032501186,44.052548032501186,42.00129095205885,42.970333099365234,6863768,0.495,0.0
2012-06-08 00:00:00-04:00,43.241246446237426,44.332439801218435,43.134265531944614,43.34822463989258,4035229,0.0,0.0
2012-06-15 00:00:00-04:00,43.547914920206864,44.89586006872524,43.4623291147563,43.51225280761719,3598059,0.0,0.0
2012-06-22 00:00:00-04:00,43.79754140486423,43.97584111791459,39.63959351126151,42.54231262207031,8389280,0.0,0.0
2012-06-29 00:00:00-04:00,43.291171247948164,43.954446403894956,42.37827485918485,43.85459899902344,4013704,0.0,0.0
2012-07-06 00:00:00-04:00,43.433813139611104,43.704826756770174,41.88617014603801,42.478126525878906,5387385,0.0,0.0
2012-07-13 00:00:00-04:00,42.663547308425805,46.47203131122936,42.59222852452075,45.90860366821289,8056742,0.0,0.0
2012-07-20 00:00:00-04:00,45.65186005025124,46.4649063064104,44.38236424337467,45.345184326171875,4958666,0.0,0.0
2012-07-27 00:00:00-04:00,45.70178455278222,46.24381177219909,44.64624783893659,45.159751892089844,2653047,0.0,0.0
2012-08-03 00:00:00-04:00,45.872948478113216,46.4862999065489,45.477835717299634,45.81589126586914,2801060,0.0,0.0
2012-08-10 00:00:00-04:00,45.76596222339355,46.24380407729177,45.00283978284989,45.65898132324219,2775480,0.0,0.0
2012-08-17 00:00:00-04:00,45.7802330333737,46.32226020744636,45.29525490769347,45.409366607666016,2912360,0.0,0.0
2012-08-24 00:00:00-04:00,45.35944783110581,45.83016170528885,44.66764676523104,45.15262222290039,2885070,0.0,0.0
2012-08-31 00:00:00-04:00,45.49495195944555,45.49495195944555,43.46590050933111,44.482208251953125,3246370,0.495,0.0
2012-09-07 00:00:00-04:00,45.444234223743784,45.444234223743784,44.574316764453734,45.300445556640625,2340172,0.0,0.0
2012-09-14 00:00:00-04:00,45.293267257463825,46.09129192890194,44.286749110281434,44.95536422729492,3990993,0.0,0.0
2012-09-21 00:00:00-04:00,45.04162380876859,45.14227504082638,43.67563575002331,43.848182678222656,3855154,0.0,0.0
2012-09-28 00:00:00-04:00,43.675648832367905,45.30757329325297,43.41682973381394,44.976932525634766,4158509,0.0,0.0
2012-10-05 00:00:00-04:00,45.18541053114376,45.422662218880475,43.9632138426324,44.09981155395508,2947569,0.0,0.0
2012-10-12 00:00:00-04:00,44.17170556966736,46.429181157726305,42.798529254827386,44.48085021972656,6199292,0.0,0.0
2012-10-19 00:00:00-04:00,44.61745412177327,44.83313575084066,43.23708675916869,43.76910400390625,5457419,0.0,0.0
2012-10-26 00:00:00-04:00,43.69720855730913,46.25663532443126,43.517473408267826,45.7246208190918,2894807,0.0,0.0
2012-11-02 00:00:00-04:00,45.83963703446237,46.292570237943536,44.39456808959943,44.401756286621094,3373723,0.0,0.0
2012-11-09 00:00:00-05:00,44.25080156089747,44.984121437550655,43.14363217403632,43.431209564208984,3092637,0.0,0.0
2012-11-16 00:00:00-05:00,43.49590519058657,44.78999768907109,43.086109278442144,44.754051208496094,2207570,0.0,0.0
2012-11-23 00:00:00-05:00,44.89783602918602,46.30696153292634,44.44310636962162,46.292579650878906,2743165,0.0,0.0
2012-11-30 00:00:00-05:00,46.35009215850519,48.100710416758176,45.6670981755804,46.005001068115234,4624453,0.495,0.0
2012-12-07 00:00:00-05:00,46.39624908654757,46.54114459083455,45.57033255181159,45.64278030395508,3163198,0.0,0.0
2012-12-14 00:00:00-05:00,45.54860488260314,46.86717689069177,45.25156461905972,46.852684020996094,3807773,0.0,0.0
2012-12-21 00:00:00-05:00,46.135437926089104,47.04104874787367,45.468906924129115,46.048500061035156,2704531,0.0,0.0
2012-12-28 00:00:00-05:00,45.86737242593155,47.75828527477044,45.352983440094995,47.381553649902344,2334866,0.0,0.0
2013-01-04 00:00:00-05:00,47.54094021246003,48.17848814084764,46.70777728198615,47.55542755126953,3160033,0.0,0.0
2013-01-11 00:00:00-05:00,47.51194740068158,47.73653702079457,46.910620742577315,47.396026611328125,2105988,0.0,0.0
2013-01-18 00:00:00-05:00,47.52644607671128,48.45379050319793,47.22216222315949,48.25093460083008,2482037,0.0,0.0
2013-01-25 00:00:00-05:00,48.43930273332134,49.569503052109035,48.06981204163739,49.28695297241211,4055424,0.0,0.0
2013-02-01 00:00:00-05:00,49.63470951970014,50.76490982998876,49.424607187868,50.351951599121094,3696030,0.0,0.0
2013-02-08 00:00:00-05:00,50.40268288571715,51.34452048605694,50.33023511509345,51.28656005859375,2792382,0.0,0.0
2013-02-15 00:00:00-05:00,51.380726278025364,51.75746341672454,49.47532339479462,49.7288932800293,4979093,0.0,0.0
2013-02-22 00:00:00-05:00,49.98970418399741,51.779191580476564,49.692661259603156,51.46041488647461,4690826,0.0,0.0
2013-03-01 00:00:00-05:00,51.29380658186433,53.13400317398715,51.0257437499452,53.03982162475586,4798986,0.5375,0.0
2013-03-08 00:00:00-05:00,53.66076873655928,55.87960433959961,53.44180810385391,55.87960433959961,5962581,0.0,0.0
2013-03-15 00:00:00-04:00,55.55845661007334,56.45620571403173,54.668002295320775,56.35402297973633,3819064,0.0,0.0
2013-03-22 00:00:00-04:00,56.57297120026524,57.018198216269056,55.60222996415597,56.93061065673828,4233277,0.0,0.0
2013-03-29 00:00:00-04:00,56.93060981996597,57.12767486533923,55.65339288809599,56.565670013427734,2550177,0.0,0.0
2013-04-05 00:00:00-04:00,56.0036659846642,57.11308056268936,55.85038636335043,56.93061065673828,4116537,0.0,0.0
2013-04-12 00:00:00-04:00,56.69705742455541,56.97440971618222,54.120582878827705,54.95994567871094,5343308,0.0,0.0
2013-04-19 00:00:00-04:00,53.595067976556635,55.580341702745436,52.456457397112025,55.120513916015625,6753258,0.0,0.0
2013-04-26 00:00:00-04:00,55.14238944663137,55.726289610146345,54.31762218246655,55.41244125366211,3517269,0.0,0.0
2013-05-03 00:00:00-04:00,55.82850105185727,57.164182343572016,55.82850105185727,56.682464599609375,2905665,0.0,0.0
2013-05-10 00:00:00-04:00,56.74816005944526,58.667742118517474,56.41314546541969,58.280906677246094,2703064,0.0,0.0
2013-05-17 00:00:00-04:00,58.375784130340904,61.50696331864724,58.25170034229075,59.828243255615234,3024126,0.0,0.0
2013-05-24 00:00:00-04:00,59.44868697739414,60.368336767377706,57.178839096405824,57.317440032958984,3156132,0.0,0.0
2013-05-31 00:00:00-04:00,57.17148877483801,58.02544684478304,54.828575174235866,55.39788055419922,4168496,0.5375,0.0
2013-06-07 00:00:00-04:00,56.44243884616464,58.16974244797173,56.05655049917581,57.787532806396484,2547143,0.0,0.0
2013-06-14 00:00:00-04:00,57.66992041815635,58.64015083162533,56.10432299872157,56.20722579956055,2308275,0.0,0.0
2013-06-21 00:00:00-04:00,56.65561106963281,57.331831323996376,55.22966372682711,56.85406494140625,3125894,0.0,0.0
2013-06-28 00:00:00-04:00,56.787904128466394,61.92571564245008,56.501245477972645,60.90403366088867,8994578,0.0,0.0
2013-07-05 00:00:00-04:00,61.42588652587806,62.67542368057942,60.374803161052604,62.3299674987793,5668221,0.0,0.0
2013-07-12 00:00:00-04:00,62.27852318668886,62.77833922699331,59.61038516821524,60.521812438964844,4889293,0.0,0.0
2013-07-19 00:00:00-04:00,60.42625309426005,60.830518073924914,59.40457135414156,60.20574951171875,5238833,0.0,0.0
2013-07-26 00:00:00-04:00,59.875003247613456,61.771364894426846,59.72800081623488,61.719913482666016,2256319,0.0,0.0
2013-08-02 00:00:00-04:00,61.69049100686398,62.2380852529142,60.44095393947565,60.5659065246582,3418826,0.0,0.0
2013-08-09 00:00:00-04:00,60.617358859717136,61.146576414328244,57.8389723057903,57.88307189941406,3751972,0.0,0.0
2013-08-16 00:00:00-04:00,57.53761446069273,58.838608648362175,57.1112996642936,58.32408905029297,4951862,0.0,0.0
2013-08-23 00:00:00-04:00,58.4710933333422,58.757751910806284,56.523280880684595,56.817291259765625,2440659,0.0,0.0
2013-08-30 00:00:00-04:00,56.99370695819321,57.743428251549894,56.155780850648746,57.56702423095703,2236063,0.5375,0.0
2013-09-06 00:00:00-04:00,58.333771027725234,60.25328587685113,57.608395464353215,59.38483428955078,3254291,0.0,0.0
2013-09-13 00:00:00-04:00,59.57729796730715,61.00585066093579,58.80750735884529,60.50992965698242,2533211,0.0,0.0
2013-09-20 00:00:00-04:00,60.57656175113786,61.03547715124539,59.42928172158953,59.73275375366211,2608656,0.0,0.0
2013-09-27 00:00:00-04:00,59.41446050682667,60.27307511567785,58.681681243855834,58.73349380493164,3258350,0.0,0.0
2013-10-04 00:00:00-04:00,58.66687923621574,59.74754524258959,57.48258810917218,59.6217155456543,2624085,0.0,0.0
2013-10-11 00:00:00-04:00,59.49588272982153,59.88078089193271,58.119142471396515,59.78455352783203,4223167,0.0,0.0
2013-10-18 00:00:00-04:00,57.71944709208571,58.82972109709998,56.586962863368846,58.35599899291992,5911993,0.0,0.0
2013-10-25 00:00:00-04:00,58.56324829333013,59.21460693666121,56.4463256435729,58.348594665527344,2994694,0.0,0.0
2013-11-01 00:00:00-04:00,58.48922676213761,60.18424559944268,57.98590236657477,58.829715728759766,3128971,0.0,0.0
2013-11-08 00:00:00-05:00,58.785332961846215,61.190927730554044,58.6076906216662,61.161319732666016,3332824,0.0,0.0
2013-11-15 00:00:00-05:00,61.16128890354074,61.435158510596445,59.98070234805365,60.4359130859375,6332214,0.0,0.0
2013-11-22 00:00:00-05:00,60.54695862998147,60.93925463202103,60.191668381689894,60.576560974121094,2158269,0.0,0.0
2013-11-29 00:00:00-05:00,60.791179632282024,62.834084676237644,59.399638726855144,59.45885467529297,4788395,0.5375,0.0
2013-12-06 00:00:00-05:00,60.457527162260696,61.86559478133384,60.24892539409755,60.41282272338867,3762189,0.0,0.0
2013-12-13 00:00:00-05:00,60.628863591809065,61.038621039898715,59.734854575576186,60.79276657104492,4108824,0.0,0.0
2013-12-20 00:00:00-05:00,60.85983652389664,61.94009817884597,60.591632611059026,61.85814666748047,1594619,0.0,0.0
2013-12-27 00:00:00-05:00,62.08163977480263,62.31259088893681,60.815120280199345,61.03117370605469,1575049,0.0,0.0
2014-01-03 00:00:00-05:00,61.21744311203792,62.14870519789942,60.807765096287476,61.70915222167969,3573301,0.0,0.0
2014-01-10 00:00:00-05:00,61.76875429871317,63.03526846065287,60.66613748918719,63.02781677246094,4037859,0.0,0.0
2014-01-17 00:00:00-05:00,63.079971079708926,63.18419809323465,62.20831107904234,62.61806869506836,3767343,0.0,0.0
2014-01-24 00:00:00-05:00,62.05931487984362,62.34241654058052,60.39048893578605,61.1504020690918,4554756,0.0,0.0
2014-01-31 00:00:00-05:00,60.40537471842604,61.51543733877715,56.993229669485345,60.047767639160156,6231733,0.0,0.0
2014-02-07 00:00:00-05:00,60.45750580556161,63.355591526586544,60.19675368746872,63.057586669921875,3504977,0.0,0.0
2014-02-14 00:00:00-05:00,63.10233353053971,67.05088810356133,62.767155255276336,64.85311126708984,4678351,0.0,0.0
2014-02-21 00:00:00-05:00,64.92012259135431,65.598083914702,64.14531208637311,64.65937042236328,3334698,0.0,0.0
2014-02-28 00:00:00-05:00,64.85310103522528,65.79255382861804,64.06338683482952,64.88289642333984,3428331,0.575,0.0
2014-03-07 00:00:00-05:00,65.5049242211764,65.81239141391866,64.1475830078125,64.1475830078125,2862515,0.0,0.0
2014-03-14 00:00:00-04:00,64.11760128989492,64.79252455301307,63.26270039707385,63.80263900756836,3332560,0.0,0.0
2014-03-21 00:00:00-04:00,64.11760942152087,64.22259686227794,62.625283038142676,62.96274185180664,3502300,0.0,0.0
2014-03-28 00:00:00-04:00,63.270209920422495,65.95489615106398,63.0377328233273,65.6999282836914,3548279,0.0,0.0
2014-04-04 00:00:00-04:00,66.05987882314027,66.12737401464479,63.14271570604143,64.08760833740234,3127640,0.0,0.0
2014-04-11 00:00:00-04:00,63.57017050960467,66.20236872979297,62.77901146815631,65.48245239257812,3415862,0.0,0.0
2014-04-18 00:00:00-04:00,65.48246515109815,66.77831366628905,63.99013846511017,64.6650619506836,3885253,0.0,0.0
2014-04-25 00:00:00-04:00,64.53756339141657,65.6174408197511,63.74265679632964,64.3725814819336,3506688,0.0,0.0
2014-05-02 00:00:00-04:00,64.23761012415977,64.95752658775412,62.87276170111453,63.7426643371582,3928458,0.0,0.0
2014-05-09 00:00:00-04:00,63.712640624411755,64.81396148302704,62.9627272379831,63.39767837524414,2269749,0.0,0.0
2014-05-16 00:00:00-04:00,63.427673141044465,64.11759205670944,62.56152412868242,63.77263259887695,2433220,0.0,0.0
2014-05-23 00:00:00-04:00,63.780138454027295,64.77002393638205,63.681896546577,64.31257629394531,1429095,0.0,0.0
2014-05-30 00:00:00-04:00,64.27509075701055,65.22748418538715,63.60016740646538,64.4700698852539,3355413,0.575,0.0
2014-06-06 00:00:00-04:00,64.97394331694828,65.88747357674823,64.15856469700904,64.24160766601562,2104188,0.0,0.0
2014-06-13 00:00:00-04:00,64.30201768402479,65.94033239147655,64.11327159072185,65.42694854736328,2036274,0.0,0.0
2014-06-20 00:00:00-04:00,65.7062807491781,66.15549731590202,64.73235033999488,65.27593994140625,2194287,0.0,0.0
2014-06-27 00:00:00-04:00,65.14758070731901,67.30683576131139,65.14758070731901,67.23133850097656,3160729,0.0,0.0
2014-07-04 00:00:00-04:00,67.23135311875775,67.23135311875775,65.5703842298964,65.59303283691406,1909339,0.0,0.0
2014-07-11 00:00:00-04:00,65.50245806328209,66.30273980509148,64.92111676171983,64.9513168334961,2440046,0.0,0.0
2014-07-18 00:00:00-04:00,65.29860630119856,67.87310615225013,64.35261198847482,64.5209732055664,4356871,0.0,0.0
2014-07-25 00:00:00-04:00,64.25672022785604,64.56626082449286,62.52780532836915,62.52780532836914,3083324,0.0,0.0
2014-08-01 00:00:00-04:00,62.467397968920125,63.16198788700585,62.02196000674007,62.17295455932617,3391849,0.0,0.0
2014-08-08 00:00:00-04:00,62.4221131953791,64.64176927320646,62.4221131953791,64.58892059326172,2314130,0.0,0.0
2014-08-15 00:00:00-04:00,64.76255159898551,66.71041245334452,63.682923831808814,66.21212005615234,2446273,0.0,0.0
2014-08-22 00:00:00-04:00,66.10643283982189,66.78214710979088,65.23820537975057,66.02338409423828,2085457,0.0,0.0
2014-08-29 00:00:00-04:00,66.24988277165325,66.84632115391177,65.69874161131405,66.33293151855469,1626691,0.575,0.0
2014-09-05 00:00:00-04:00,66.6020531835637,67.14161727659945,65.71822932985387,66.32086944580078,1881315,0.0,0.0
2014-09-12 00:00:00-04:00,67.00483789731071,68.06116868686445,66.77685621348589,67.96997833251953,2569735,0.0,0.0
2014-09-19 00:00:00-04:00,68.41074210081435,68.54753342401638,66.34368159170675,66.42727661132812,2442307,0.0,0.0
2014-09-26 00:00:00-04:00,66.65525339839739,67.18722219316932,65.35573882222256,66.18408203125,2996107,0.0,0.0
2014-10-03 00:00:00-04:00,66.66285961747266,67.52160160589563,65.63692758929461,65.75091552734375,2760579,0.0,0.0
2014-10-10 00:00:00-04:00,66.56405296657842,67.14845849036536,64.58818307983024,66.91363525390625,3822138,0.0,0.0
2014-10-17 00:00:00-04:00,67.76479035562188,71.7089356355255,66.16129420280372,70.5234146118164,4704993,0.0,0.0
2014-10-24 00:00:00-04:00,70.4550171448346,72.55248235622695,70.11304170511274,72.46888732910156,2757794,0.0,0.0
2014-10-31 00:00:00-04:00,73.37320649398548,75.5694624782602,72.94763036765495,74.92350006103516,4533037,0.0,0.0
2014-11-07 00:00:00-05:00,74.95391026378546,76.80819120396103,74.69552989564258,76.4054183959961,2873522,0.0,0.0
2014-11-14 00:00:00-05:00,76.18506048489174,76.58023231236261,75.47830607590635,76.49664306640625,1805328,0.0,0.0
2014-11-21 00:00:00-05:00,77.40096508183373,78.07732063129932,76.61821691546096,77.39336395263672,2275267,0.0,0.0
2014-11-28 00:00:00-05:00,77.62135569432822,78.87527537419666,77.30977895574594,78.76888275146484,3059871,0.575,0.0
2014-12-05 00:00:00-05:00,79.28969601364678,79.80937810990292,77.82999857023854,78.92285919189453,2432942,0.0,0.0
2014-12-12 00:00:00-05:00,78.49488838872988,80.60418701171875,77.4784503961681,80.60418701171875,3432238,0.0,0.0
2014-12-19 00:00:00-05:00,81.10096471423097,82.6217971902381,80.81819446434343,82.24732208251953,2015697,0.0,0.0
2014-12-26 00:00:00-05:00,82.45363335539605,83.30193796071589,81.44483947753906,81.44483947753906,1672459,0.0,0.0
2015-01-02 00:00:00-05:00,82.0791660033941,82.58738499559612,76.61486289511411,78.92285919189453,6351198,0.0,0.0
2015-01-09 00:00:00-05:00,78.87700247211878,78.88464648462895,71.93008192202241,72.66374969482422,7316947,0.0,0.0
2015-01-16 00:00:00-05:00,72.67904140291402,75.66721514217357,72.44977347365575,75.33859252929688,3723013,0.0,0.0
2015-01-23 00:00:00-05:00,75.4455715583789,75.68248345769625,72.23576866140368,72.923583984375,5075852,0.0,0.0
2015-01-30 00:00:00-05:00,72.09820498130367,75.17044478745677,70.18761011751242,73.32862854003906,13803221,0.0,0.0
2015-02-06 00:00:00-05:00,73.40506182917066,74.2808755870565,73.2522107316061,73.97059631347656,3404563,0.0,0.0
2015-02-13 00:00:00-05:00,74.03936722878278,75.26215255934602,72.41154256617888,73.14521026611328,4024203,0.0,0.0
2015-02-20 00:00:00-05:00,73.05351074576402,74.2304380157818,72.648465521348,73.77189636230469,2552039,0.0,0.0
2015-02-27 00:00:00-05:00,73.85596315729383,74.35271904564951,71.72373834223372,72.01415252685547,3132854,0.615,0.0
2015-03-06 00:00:00-05:00,72.33469998589867,72.93466784149756,70.73478179199509,72.85774993896484,3616358,0.0,0.0
2015-03-13 00:00:00-04:00,72.85773900912947,74.0422933095024,71.8039457102919,73.48078155517578,3690315,0.0,0.0
2015-03-20 00:00:00-04:00,73.75771944391175,74.34999975948466,70.56557583992894,71.01940155029297,2650679,0.0,0.0
2015-03-27 00:00:00-04:00,70.91937329451859,72.75005073826848,69.77328090616389,71.3270492553711,3189257,0.0,0.0
2015-04-03 00:00:00-04:00,71.32709102594373,72.4501092921583,71.00402631414492,71.46554565429688,2924485,0.0,0.0
2015-04-10 00:00:00-04:00,71.36556118200924,72.02706610744696,70.49637720717288,70.85020446777344,2604316,0.0,0.0
2015-04-17 00:00:00-04:00,70.28868118882603,72.6193351706814,69.85793604715835,71.634765625,4003508,0.0,0.0
2015-04-24 00:00:00-04:00,71.62706658226224,71.72321545531533,68.81951831542027,69.11180877685547,3463613,0.0,0.0
2015-05-01 00:00:00-04:00,69.68101635542257,71.65784304304592,69.31180792741436,71.21939849853516,2780757,0.0,0.0
2015-05-08 00:00:00-04:00,71.89627819523727,72.87314810819812,71.15016204350296,72.334716796875,4327946,0.0,0.0
2015-05-15 00:00:00-04:00,72.31165150279973,72.57702335124809,71.52707335360792,71.97320556640625,3012246,0.0,0.0
2015-05-22 00:00:00-04:00,72.03474313653301,72.35010841600341,70.72711482808978,71.08094787597656,1850979,0.0,0.0
2015-05-29 00:00:00-04:00,70.93480539338017,70.93480539338017,69.00413405621146,69.99639129638672,3677632,0.615,0.0
2015-06-05 00:00:00-04:00,70.49165033015528,71.15529034597749,69.82561729636227,70.35999298095703,2889984,0.0,0.0
2015-06-12 00:00:00-04:00,70.1508793470271,71.98635338277462,69.58551860094666,71.738525390625,2231687,0.0,0.0
2015-06-19 00:00:00-04:00,71.63783675844012,71.92439023260032,70.67750416875865,70.9408187866211,2081789,0.0,0.0
2015-06-26 00:00:00-04:00,71.30481224053904,71.59910607019799,69.05886823070435,69.72490692138672,3164193,0.0,0.0
2015-07-03 00:00:00-04:00,69.72492681304878,70.01148034826878,68.0211099932668,68.36186981201172,2716120,0.0,0.0
2015-07-10 00:00:00-04:00,69.08212996785316,70.49165305934221,68.12954333537759,70.37548828125,3762321,0.0,0.0
2015-07-17 00:00:00-04:00,70.00373931387286,70.38322468782236,67.32409692454675,68.1295394897461,4498563,0.0,0.0
2015-07-24 00:00:00-04:00,68.12953471542647,68.98918941666221,66.44895083987711,68.62519073486328,3089440,0.0,0.0
2015-07-31 00:00:00-04:00,69.1208552739706,69.28349187145521,68.11405053675747,68.70264434814453,2364999,0.0,0.0
2015-08-07 00:00:00-04:00,68.67164171407423,69.10534506832808,66.83616794715805,68.19921875,2292493,0.0,0.0
2015-08-14 00:00:00-04:00,68.21472338907557,68.60195500789364,66.35601043701172,66.35601043701172,2171512,0.0,0.0
2015-08-21 00:00:00-04:00,65.72095556731838,66.27857008409782,60.99673065811517,64.69091796875,4870516,0.0,0.0
2015-08-28 00:00:00-04:00,64.28044910638611,65.16333672985127,62.33654471391764,63.40530776977539,3063543,0.615,0.0
2015-09-04 00:00:00-04:00,63.069794484623074,65.94156958765677,62.94493780385367,64.90367126464844,2655957,0.0,0.0
2015-09-11 00:00:00-04:00,64.739809657505,67.30724017094293,64.3106076402769,66.37859344482422,2985187,0.0,0.0
2015-09-18 00:00:00-04:00,65.71526882409168,65.80111040773564,63.84237074588182,65.08316802978516,3244018,0.0,0.0
2015-09-25 00:00:00-04:00,65.55138544012325,65.73867344575139,62.62498430440347,63.58484649658203,4374634,0.0,0.0
2015-10-02 00:00:00-04:00,62.609379736750704,67.31503183183459,62.25040262314104,67.08091735839844,4333478,0.0,0.0
2015-10-09 00:00:00-04:00,67.18238325260509,67.50233939541515,64.18575046558261,65.33290100097656,2791893,0.0,0.0
2015-10-16 00:00:00-04:00,65.48114527807765,69.32058158850725,63.4521693519918,68.93819427490234,7806822,0.0,0.0
2015-10-23 00:00:00-04:00,69.32058570047964,70.48334065353491,68.71969471704386,70.39749908447266,4061858,0.0,0.0
2015-10-30 00:00:00-04:00,70.42092507498697,72.04410389333827,70.31947863150721,71.75536346435547,3431117,0.0,0.0
2015-11-06 00:00:00-05:00,71.42760640865049,71.55246906300984,68.05639214007574,68.09541320800781,4924878,0.0,0.0
2015-11-13 00:00:00-05:00,67.8924919679646,69.94487205306172,66.88580947605533,69.46104431152344,3838452,0.0,0.0
2015-11-20 00:00:00-05:00,69.76542266636407,71.09986122174594,69.63276054212972,70.68626403808594,2748126,0.0,0.0
2015-11-27 00:00:00-05:00,70.77210092976038,71.34177046241993,68.20467044586398,68.76654052734375,2784877,0.615,0.0
2015-12-04 00:00:00-05:00,69.42504556982804,70.32075074218231,68.32505497385033,68.80433654785156,2981491,0.0,0.0
2015-12-11 00:00:00-05:00,68.01862015214319,68.52147189680714,66.77720228492532,67.4686279296875,3321226,0.0,0.0
2015-12-18 00:00:00-05:00,67.24861813571103,67.94790245306795,65.29221058034298,67.64933013916016,3071178,0.0,0.0
2015-12-25 00:00:00-05:00,67.64933451347777,68.95361029770311,67.3900499065705,67.48433685302734,1666218,0.0,0.0
2016-01-01 00:00:00-05:00,67.48434268077237,67.48434268077237,63.35993432076195,63.547950744628906,3916963,0.0,0.0
2016-01-08 00:00:00-05:00,63.760094669181115,64.11366025736677,60.49155218818501,61.67797088623047,5346860,0.0,0.0
2016-01-15 00:00:00-05:00,60.412973788619965,63.39866095970644,60.10654872565422,62.24367141723633,4410194,0.0,0.0
2016-01-22 00:00:00-05:00,63.06083150578672,65.63009018812375,61.95298200426417,65.48866271972656,3845925,0.0,0.0
2016-01-29 00:00:00-05:00,65.74007683822536,67.77506026773177,64.45151835550095,67.59434509277344,4945044,0.0,0.0
2016-02-05 00:00:00-05:00,67.58649487202509,68.82791302849714,65.36294923074794,67.91649627685547,5519438,0.0,0.0
2016-02-12 00:00:00-05:00,68.30146946921816,72.22214340856274,66.98934099171399,71.33429718017578,6256747,0.0,0.0
2016-02-19 00:00:00-05:00,70.85502285847875,73.18071372210306,70.58002674181917,72.18286895751953,4164948,0.0,0.0
2016-02-26 00:00:00-05:00,72.44213206848514,73.9035465405289,70.83143744763828,73.80140686035156,4172664,0.6575,0.0
2016-03-04 00:00:00-05:00,74.22388796028686,74.95583630100691,73.44841187287557,74.31884002685547,3178494,0.0,0.0
2016-03-11 00:00:00-05:00,74.95186151478644,77.97462423040189,74.50873589274872,77.87175750732422,3428725,0.0,0.0
2016-03-18 00:00:00-04:00,78.19619552790141,78.19619552790141,76.39203411422137,77.32576751708984,4096063,0.0,0.0
2016-03-25 00:00:00-04:00,77.32576667196687,78.80549246303372,77.18333255996282,78.62349700927734,2113099,0.0,0.0
2016-04-01 00:00:00-04:00,78.04583634909746,78.96374630041507,76.26937354467954,76.68480682373047,4140928,0.0,0.0
2016-04-08 00:00:00-04:00,77.26243404586197,78.73425067204873,75.94096616188607,77.87964630126953,3438884,0.0,0.0
2016-04-15 00:00:00-04:00,78.18037344818742,79.12993019568178,75.63238872994495,76.11508178710938,5173098,0.0,0.0
2016-04-22 00:00:00-04:00,76.13089662295368,77.91131985371631,76.12298194041948,77.02506256103516,2699345,0.0,0.0
2016-04-29 00:00:00-04:00,76.68482056236968,76.96968276549842,75.4899568899942,75.9330825805664,3458122,0.0,0.0
2016-05-06 00:00:00-04:00,75.89351429462035,77.60271754272667,75.50577331370135,76.84307098388672,2503102,0.0,0.0
2016-05-13 00:00:00-04:00,76.70853623530571,77.19122916644108,72.99734154622227,73.97064208984375,3811253,0.0,0.0
2016-05-20 00:00:00-04:00,74.37420519197873,76.70062661778827,73.74907814092333,76.21793365478516,2787431,0.0,0.0
2016-05-27 00:00:00-04:00,76.43157772334091,77.12001011868225,75.52949722579466,76.70062255859375,2388602,0.6575,0.0
2016-06-03 00:00:00-04:00,76.85005844999374,78.00528276682745,76.18879274570635,77.4635238647461,2468027,0.0,0.0
2016-06-10 00:00:00-04:00,77.07313534344078,77.21654229184912,75.47176484431078,76.95362854003906,2227550,0.0,0.0
2016-06-17 00:00:00-04:00,76.99346699014701,79.21627167504795,76.73055323552711,79.2003402709961,2337104,0.0,0.0
2016-06-24 00:00:00-04:00,76.61104758630887,80.69016753874581,74.96983346947539,80.66626739501953,4165113,0.0,0.0
2016-07-01 00:00:00-04:00,80.4591416306151,82.84925381991775,80.01298930035686,82.0127182006836,3739444,0.0,0.0
2016-07-08 00:00:00-04:00,82.88110959629215,84.42671717920086,82.38555843453425,82.72177124023438,3100385,0.0,0.0
2016-07-15 00:00:00-04:00,82.89702690565393,82.89702690565393,78.33988052232195,78.69839477539062,4643913,0.0,0.0
2016-07-22 00:00:00-04:00,78.61875716916667,81.93304291003884,78.41161241087165,81.7737045288086,3223719,0.0,0.0
2016-07-29 00:00:00-04:00,81.4948416103631,81.73942907236133,78.89758522788496,80.30775451660156,2814185,0.0,0.0
2016-08-05 00:00:00-04:00,80.64235076322403,81.59043012631089,80.17229241203157,81.26377868652344,2832624,0.0,0.0
2016-08-12 00:00:00-04:00,81.17618734313368,82.35531218846285,80.58662795965431,82.34734344482422,2025289,0.0,0.0
2016-08-19 00:00:00-04:00,82.07642700171743,83.37505815232917,81.8533508988405,82.99263763427734,2871290,0.0,0.0
2016-08-26 00:00:00-04:00,82.96874707172809,83.79731989120643,81.43907697963051,82.06847381591797,2889279,0.0,0.0
2016-09-02 00:00:00-04:00,82.88908781865109,82.88908781865109,79.35171998856468,79.44732666015625,2578912,0.6575,0.0
2016-09-09 00:00:00-04:00,79.37110622566685,79.39516195629383,77.02958185165944,77.69515228271484,4149376,0.0,0.0
2016-09-16 00:00:00-04:00,77.41449352190483,81.69658496572353,76.94939566021986,81.36781311035156,3133210,0.0,0.0
2016-09-23 00:00:00-04:00,80.91072878954401,81.035020801484,78.48100227064539,79.85223388671875,2980671,0.0,0.0
2016-09-30 00:00:00-04:00,80.19706996865206,80.86263442862922,78.55319200978725,79.5635757446289,3035853,0.0,0.0
2016-10-07 00:00:00-04:00,80.14091948421682,80.14091948421682,77.47864390155887,78.34468078613281,1879658,0.0,0.0
2016-10-14 00:00:00-04:00,78.69752625371873,79.35507616112456,71.21588707893679,71.77721405029297,5956696,0.0,0.0
2016-10-21 00:00:00-04:00,71.25596885213784,73.66003672784713,70.97530848528022,71.48851776123047,4269607,0.0,0.0
2016-10-28 00:00:00-04:00,71.64087602063384,72.86777331108456,70.30974131222519,70.49417877197266,3533723,0.0,0.0
2016-11-04 00:00:00-04:00,70.71069650407844,75.8347757276998,69.45172880677741,74.97675323486328,5092741,0.0,0.0
2016-11-11 00:00:00-05:00,74.68002336085408,78.03994486235257,74.68002336085408,75.85880279541016,4237217,0.0,0.0
2016-11-18 00:00:00-05:00,75.77865668398013,78.4730094110679,75.36167629147484,78.03196716308594,2706586,0.0,0.0
2016-11-25 00:00:00-05:00,78.1121263448794,78.6253355770469,77.02956969402497,77.15787506103516,3085336,0.0,0.0
2016-12-02 00:00:00-05:00,77.22204421211,80.08479255618603,76.596564591457,79.26686096191406,2900924,0.6575,0.0
2016-12-09 00:00:00-05:00,79.59517539132986,80.66893269882357,78.61830052644122,79.23995208740234,3656226,0.0,0.0
2016-12-16 00:00:00-05:00,79.44179582476696,80.25922036326456,77.5687781498508,77.96437072753906,2575725,0.0,0.0
2016-12-23 00:00:00-05:00,78.13391482171905,78.99776340685197,77.44768100054468,77.86749267578125,1230147,0.0,0.0
2016-12-30 00:00:00-05:00,78.04509735107422,78.40840191024787,76.22859303364342,78.04509735107422,2216342,0.0,0.0
2017-01-06 00:00:00-05:00,78.03703706567751,79.28840314931038,77.14896326244663,79.19152069091797,2494308,0.0,0.0
2017-01-13 00:00:00-05:00,79.23995071130946,81.05645490212639,78.26307586338537,80.0149917602539,2838025,0.0,0.0
2017-01-20 00:00:00-05:00,80.20066476077565,80.75772794305233,77.23774646330459,78.42453002929688,4308214,0.0,0.0
2017-01-27 00:00:00-05:00,78.75555991928218,79.00583188788178,77.29427885749492,78.0047378540039,2919601,0.0,0.0
2017-02-03 00:00:00-05:00,78.10968462361984,80.81425645104316,77.93206988495388,80.46710205078125,2710789,0.0,0.0
2017-02-10 00:00:00-05:00,80.52361397315329,81.23407291636352,79.53866400877837,80.11187744140625,2696028,0.0,0.0
2017-02-17 00:00:00-05:00,79.96654816306147,81.46011694170241,76.59995594459438,76.69683837890625,4339438,0.0,0.0
2017-02-24 00:00:00-05:00,76.44656760081465,78.52141869743411,76.37390423412327,77.39922332763672,3415718,0.0,0.0
2017-03-03 00:00:00-05:00,77.40728587296726,77.49609322523678,74.89647326129915,75.04179382324219,3317446,0.675,0.0
2017-03-10 00:00:00-05:00,75.87198629511714,77.03486903903433,75.44098267602561,76.6607894897461,3128146,0.0,0.0
2017-03-17 00:00:00-04:00,76.91291345552207,77.25445799130323,75.38408442138856,75.99398803710938,3480432,0.0,0.0
2017-03-24 00:00:00-04:00,76.04279358013565,76.24609480953075,74.84738135861069,75.09133911132812,2903912,0.0,0.0
2017-03-31 00:00:00-04:00,75.05063737237931,75.85570801856127,72.56451077160163,73.44862365722656,4293751,0.0,0.0
2017-04-07 00:00:00-04:00,73.2534609964447,74.04227033417702,72.2776118985691,72.32640838623047,3125110,0.0,0.0
2017-04-14 00:00:00-04:00,72.32642504686237,77.24630955819565,72.32642504686237,75.54671478271484,4788928,0.0,0.0
2017-04-21 00:00:00-04:00,75.54672216262472,76.92103396480226,75.30275825706146,75.89640045166016,3709373,0.0,0.0
2017-04-28 00:00:00-04:00,75.91265129741676,75.91265129741676,73.94469757334186,75.01812744140625,4527829,0.0,0.0
2017-05-05 00:00:00-04:00,75.14827774639575,75.61993193566538,73.75769172335262,74.69287872314453,2729156,0.0,0.0
2017-05-12 00:00:00-04:00,74.48954206018614,75.52231540348289,73.74952908111753,74.53020477294922,3545290,0.0,0.0
2017-05-19 00:00:00-04:00,74.58713436962887,75.51418721007094,72.82248170003821,74.29438018798828,6117412,0.0,0.0
2017-05-26 00:00:00-04:00,74.40823575745027,76.72586808937132,74.24559728667896,76.53070068359375,4048008,0.0,0.0
2017-06-02 00:00:00-04:00,76.67709121541512,77.13248397672362,73.8227402624741,73.91219329833984,3381971,0.675,0.0
2017-06-09 00:00:00-04:00,74.50689550179082,77.9066067760737,74.17921760792926,77.69361114501953,3250829,0.0,0.0
2017-06-16 00:00:00-04:00,77.59530406318477,78.53739355773385,72.91763187726718,73.45830535888672,5135521,0.0,0.0
2017-06-23 00:00:00-04:00,73.44195084912072,75.94872370435374,73.13884183555676,74.64618682861328,4743456,0.0,0.0
2017-06-30 00:00:00-04:00,74.85915803455627,76.98090811252398,70.62385795138663,71.05803680419922,4896586,0.0,0.0
2017-07-07 00:00:00-04:00,71.13995239763821,71.59051887127512,67.83854828188714,68.56764221191406,7249821,0.0,0.0
2017-07-14 00:00:00-04:00,68.82160399846872,69.32950850211186,66.24109986686463,66.9210433959961,9212069,0.0,0.0
2017-07-21 00:00:00-04:00,67.32244024174202,69.62441021029109,66.7687354386031,69.4605712890625,5892279,0.0,0.0
2017-07-28 00:00:00-04:00,69.41143708072133,69.88657256332158,68.22358274908153,68.90352630615234,5132375,0.0,0.0
2017-08-04 00:00:00-04:00,69.07553344741714,69.29671658565627,67.24869910174323,67.41254425048828,2709512,0.0,0.0
2017-08-11 00:00:00-04:00,67.2651129322291,68.74787616789907,65.42189647902602,66.7572021484375,5008969,0.0,0.0
2017-08-18 00:00:00-04:00,66.57697569536428,68.2481593668499,66.5278252565151,67.56822204589844,3492395,0.0,0.0
2017-08-25 00:00:00-04:00,67.70748475742141,68.70691866582767,66.87188980938588,67.85494232177734,3130597,0.0,0.0
2017-09-01 00:00:00-04:00,68.18262619098614,69.91934166343445,68.07612524216611,69.17386627197266,3115779,0.675,0.0
2017-09-08 00:00:00-04:00,69.79987584781122,71.93854801121506,69.61821184552561,71.33575439453125,3529500,0.0,0.0
2017-09-15 00:00:00-04:00,71.27794027265358,72.04587941121041,70.05584120810545,71.3027114868164,4050606,0.0,0.0
2017-09-22 00:00:00-04:00,71.40182481153464,80.62947664631041,71.38530646369638,78.60228729248047,8949029,0.0,0.0
2017-09-29 00:00:00-04:00,78.83347285954893,79.82435927037133,78.39583125643735,79.09770965576172,3402395,0.0,0.0
2017-10-06 00:00:00-04:00,78.80047154976207,79.42803653480105,78.28850981197968,79.1555404663086,2872879,0.0,0.0
2017-10-13 00:00:00-04:00,79.1720289071821,81.4428162010041,72.76428457036332,74.07720947265625,5402455,0.0,0.0
2017-10-20 00:00:00-04:00,74.01940405335061,74.5891672155104,72.11194484076667,73.82122802734375,5935931,0.0,0.0
2017-10-27 00:00:00-04:00,73.57351632097811,73.66022189143169,71.385301575144,73.10284423828125,3189516,0.0,0.0
2017-11-03 00:00:00-04:00,73.11935259914408,73.24320868301513,70.35311579450986,70.65038299560547,4436995,0.0,0.0
2017-11-10 00:00:00-05:00,70.2375006690479,72.92941706684529,69.94849268920035,71.00543975830078,4256975,0.0,0.0
2017-11-17 00:00:00-05:00,70.97241999836591,72.02937352557723,70.41091599637025,71.76513671875,2592087,0.0,0.0
2017-11-24 00:00:00-05:00,71.78166573066454,76.93842056867808,71.35228318053659,76.7691421508789,4127872,0.0,0.0
2017-12-01 00:00:00-05:00,76.86822428465784,78.6435686396382,75.11765745082913,77.45450592041016,5696523,0.675,0.0
2017-12-08 00:00:00-05:00,78.32412160336835,78.98950906781887,76.04518000787381,76.0867691040039,3666996,0.0,0.0
2017-12-15 00:00:00-05:00,76.89356289505493,78.66515478072054,76.16996066173847,78.62356567382812,3488724,0.0,0.0
2017-12-22 00:00:00-05:00,78.96456068795456,79.8129237040882,78.54045849995462,79.4136962890625,2052514,0.0,0.0
2017-12-29 00:00:00-05:00,79.347162203991,81.87562595542181,78.99783660332376,81.0189437866211,2737518,0.0,0.0
2018-01-05 00:00:00-05:00,81.16034642997292,84.81164653865817,80.00424036434036,84.75342559814453,4323737,0.0,0.0
2018-01-12 00:00:00-05:00,84.79500035659879,87.23197322917619,84.52884660427934,85.61009979248047,3341081,0.0,0.0
2018-01-19 00:00:00-05:00,85.7847545881356,88.8372065381545,85.65999364028302,88.42134094238281,3481283,0.0,0.0
2018-01-26 00:00:00-05:00,88.61265382375326,89.6190479393723,85.48534234626852,85.84298706054688,4679526,0.0,0.0
2018-02-02 00:00:00-05:00,85.65999941148621,86.61649161532429,80.07908350169765,80.10403442382812,6277099,0.0,0.0
2018-02-09 00:00:00-05:00,80.7777308827232,83.93830541837461,77.20128443001751,83.92999267578125,5246437,0.0,0.0
2018-02-16 00:00:00-05:00,83.58067189063752,84.07139662993632,76.89355185076941,77.29278564453125,5057182,0.0,0.0
2018-02-23 00:00:00-05:00,77.6254715156639,79.18912382876356,75.27167078475344,76.02854919433594,4137861,0.0,0.0
2018-03-02 00:00:00-05:00,75.60439209877774,77.05160308376342,74.90573436235212,75.288330078125,3818828,0.72,0.0
2018-03-09 00:00:00-05:00,76.42092148510744,78.08078427532807,75.39397884036448,75.65805053710938,3574780,0.0,0.0
2018-03-16 00:00:00-04:00,75.80895383992782,76.83170089193293,73.67962937339273,73.75508117675781,6356202,0.0,0.0
2018-03-23 00:00:00-04:00,73.93948538562162,75.80054835040342,72.47243205340021,75.31432342529297,3820884,0.0,0.0
2018-03-30 00:00:00-04:00,75.31433685190578,76.37061723024947,71.92754446951432,76.00176239013672,3206649,0.0,0.0
2018-04-06 00:00:00-04:00,75.68321335503889,76.29518722034392,73.89760149465141,75.55746459960938,3756335,0.0,0.0
2018-04-13 00:00:00-04:00,77.37659718750075,77.7538369648409,72.95028174302952,73.88919830322266,4936536,0.0,0.0
2018-04-20 00:00:00-04:00,73.89760851786112,75.87821716154819,72.84132782605089,74.60179138183594,5857713,0.0,0.0
2018-04-27 00:00:00-04:00,74.53471561652036,76.49637295995274,73.22693765838542,74.2916030883789,9252369,0.0,0.0
2018-05-04 00:00:00-04:00,74.07363685026256,76.10236098229652,73.7383090145582,75.92631530761719,4340481,0.0,0.0
2018-05-11 00:00:00-04:00,75.81734076034533,77.89636194658256,75.40656110038535,77.68678283691406,3249893,0.0,0.0
2018-05-18 00:00:00-04:00,77.77900761604938,79.48917412643044,75.53231903133478,76.91554260253906,5150735,0.0,0.0
2018-05-25 00:00:00-04:00,76.80654475320658,77.34306669480728,75.34032902588316,76.1107406616211,3135880,0.0,0.0
2018-06-01 00:00:00-04:00,76.31192473947091,79.48914399143938,76.03536839277214,79.15381622314453,3460426,0.72,0.0
2018-06-08 00:00:00-04:00,79.67102192038936,80.6932026655726,79.27397517532945,79.46827697753906,2858505,0.0,0.0
2018-06-15 00:00:00-04:00,79.39223433703239,80.41441488002724,78.05748363322984,78.21798706054688,3258162,0.0,0.0
2018-06-22 00:00:00-04:00,78.96985480997893,79.24018352769428,76.99307082500513,77.49149322509766,4678354,0.0,0.0
2018-06-29 00:00:00-04:00,77.6519969613505,78.38695618654312,76.3425948483713,77.19581604003906,2527608,0.0,0.0
2018-07-06 00:00:00-04:00,77.00997840916878,79.10080301862428,76.5115559546199,78.07439422607422,3943360,0.0,0.0
2018-07-13 00:00:00-04:00,78.25179590524299,82.54327035486878,78.10818516989792,82.19691467285156,5337570,0.0,0.0
2018-07-20 00:00:00-04:00,82.36585990959156,84.10610063087601,80.83681370089582,82.45878601074219,4786882,0.0,0.0
2018-07-27 00:00:00-04:00,82.33208306429182,82.83894869812966,80.94664732406683,82.6446533203125,4116205,0.0,0.0
2018-08-03 00:00:00-04:00,82.79667358137068,84.34261204956961,82.19688211969472,83.94557189941406,1997561,0.0,0.0
2018-08-10 00:00:00-04:00,83.4725204055627,83.74707714991031,81.54642740554355,83.17684936523438,2582124,0.0,0.0
2018-08-17 00:00:00-04:00,83.29513344153256,84.6467773408288,83.03325424874137,84.13146209716797,2270982,0.0,0.0
2018-08-24 00:00:00-04:00,84.17368859842534,84.73968837341306,83.36270240326114,83.70061492919922,2412096,0.0,0.0
2018-08-31 00:00:00-04:00,83.67527747251921,85.74498134061366,83.51476756322808,85.52533721923828,2320256,0.72,0.0
2018-09-07 00:00:00-04:00,85.96003453419398,87.20225539173673,85.68776703790199,86.47053527832031,2572118,0.0,0.0
2018-09-14 00:00:00-04:00,86.53010857344593,86.87044462558427,85.04965421171998,86.36845397949219,2613790,0.0,0.0
2018-09-21 00:00:00-04:00,86.60669208191474,86.94702815296792,84.00313314739357,84.61573028564453,3709607,0.0,0.0
2018-09-28 00:00:00-04:00,84.44555145029523,85.61120019007899,82.71835380433905,83.16929626464844,3810349,0.0,0.0
2018-10-05 00:00:00-04:00,83.05868698418384,85.08367613940881,80.59976926306447,80.61678314208984,4088319,0.0,0.0
2018-10-12 00:00:00-04:00,81.79094511480045,86.02811553897827,79.65534926737864,85.7813720703125,7532455,0.0,0.0
2018-10-19 00:00:00-04:00,86.08766412763804,87.43402606401615,84.14775734238876,85.59417724609375,5727224,0.0,0.0
2018-10-26 00:00:00-04:00,85.0496535657195,85.9175108166489,82.68432808294796,83.23737335205078,8778926,0.0,0.0
2018-11-02 00:00:00-04:00,84.07969335539954,86.61518990693577,82.02918001757156,86.0025863647461,8622787,0.0,0.0
2018-11-09 00:00:00-05:00,85.80691348005647,87.6277042113727,84.4455755255263,86.43653106689453,4558137,0.0,0.0
2018-11-16 00:00:00-05:00,85.94303814337238,87.30437590183783,84.42003929468055,85.09220123291016,5275508,0.0,0.0
2018-11-23 00:00:00-05:00,84.65827471475433,88.3849381391737,84.22537169850945,87.71277618408203,2709272,0.0,0.0
2018-11-30 00:00:00-05:00,87.71278306343933,90.0951292558946,83.27992308002013,85.97708129882812,4949882,0.72,0.0
2018-12-07 00:00:00-05:00,86.42666906087163,87.24920817967094,83.45352898972504,85.7754898071289,4339337,0.0,0.0
2018-12-14 00:00:00-05:00,85.44987660002562,86.04107252458647,79.51216827772623,80.36898040771484,4746209,0.0,0.0
2018-12-21 00:00:00-05:00,80.24048710750158,81.63708904521756,78.0051474162832,81.56854248046875,3513295,0.0,0.0
2018-12-28 00:00:00-05:00,81.91125083919339,82.81090632797182,79.65783694620652,79.92344665527344,2979432,0.0,0.0
2019-01-04 00:00:00-05:00,80.53178000276264,83.25644316698907,80.0176939700132,83.16219329833984,4300324,0.0,0.0
2019-01-11 00:00:00-05:00,82.9308568715381,83.17933320370801,81.2686390465883,83.16219329833984,4215682,0.0,0.0
2019-01-18 00:00:00-05:00,83.46208937864571,83.95047212874026,81.27721539629913,81.85984802246094,3473139,0.0,0.0
2019-01-25 00:00:00-05:00,82.54529085496375,85.6041169306721,81.9540948345055,85.5270004272461,4485875,0.0,0.0
2019-02-01 00:00:00-05:00,85.50129088260552,88.52583692604524,85.05574487446872,88.14027404785156,6932800,0.0,0.0
2019-02-08 00:00:00-05:00,87.72901241214758,90.92492522344175,87.72901241214758,90.5564956665039,4902031,0.0,0.0
2019-02-15 00:00:00-05:00,91.1991036171296,94.50639962944811,90.83067406538554,94.1636734008789,5614723,0.0,0.0
2019-02-22 00:00:00-05:00,94.54066561748304,96.11720364158494,92.63854781111523,93.20404052734375,5467037,0.0,0.0
2019-03-01 00:00:00-05:00,93.78665712586208,94.1807899303065,91.0191575429055,91.55037689208984,4706233,0.7625,0.0
2019-03-08 00:00:00-05:00,91.85739254736258,92.84111612125432,91.09802894505906,92.41828918457031,3935192,0.0,0.0
2019-03-15 00:00:00-04:00,92.15943166657894,94.39438095214071,91.7711155154805,94.14413452148438,5917126,0.0,0.0
2019-03-22 00:00:00-04:00,93.617755140739,95.81819357753727,92.38378499549822,95.78367614746094,2970091,0.0,0.0
2019-03-29 00:00:00-04:00,96.12883748543537,98.03588093179367,95.86132906597771,98.00999450683594,4282593,0.0,0.0
2019-04-05 00:00:00-04:00,98.16532055459572,99.40791504882584,96.73287691401258,97.14707946777344,3157210,0.0,0.0
2019-04-12 00:00:00-04:00,97.50949380322398,98.08764585900225,90.6320532311723,90.99447631835938,4588358,0.0,0.0
2019-04-19 00:00:00-04:00,90.99447177555857,91.1670588919307,88.31080301358121,89.3721923828125,4184387,0.0,0.0
2019-04-26 00:00:00-04:00,89.57066909243768,89.68284578440773,85.99387915833516,88.01741790771484,5801606,0.0,0.0
2019-05-03 00:00:00-04:00,88.47476762039659,88.72501402551178,83.85385658710882,85.01447296142578,5019577,0.0,0.0
2019-05-10 00:00:00-04:00,84.91091392365533,85.4286620740659,82.15821048342968,84.17743682861328,3924267,0.0,0.0
2019-05-17 00:00:00-04:00,83.47849130611662,86.96467270730372,83.47849130611662,84.77286529541016,4090580,0.0,0.0
2019-05-24 00:00:00-04:00,85.15254178587655,85.45456103598215,83.46122740175932,85.3423843383789,2262181,0.0,0.0
2019-05-31 00:00:00-04:00,84.45358795425103,87.61859191352661,84.30688723656532,86.85249328613281,3414722,0.7625,0.0
2019-06-07 00:00:00-04:00,87.95516028025028,89.96362408173196,87.69431789643565,89.42455291748047,2725797,0.0,0.0
2019-06-14 00:00:00-04:00,89.77233191166427,90.37226535660162,88.17251823649367,90.2418441772461,2081663,0.0,0.0
2019-06-21 00:00:00-04:00,90.75483347163963,90.81569580938634,88.57247919422403,89.41585540771484,3828184,0.0,0.0
2019-06-28 00:00:00-04:00,89.68538058953804,92.3111638595905,89.32889649903458,92.29377746582031,2637131,0.0,0.0
2019-07-05 00:00:00-04:00,92.07640986601093,92.24160382192349,90.09402932709052,90.33747863769531,3165896,0.0,0.0
2019-07-12 00:00:00-04:00,90.51138407316726,91.95904535613005,83.93822506598254,84.8685531616211,5284799,0.0,0.0
2019-07-19 00:00:00-04:00,84.69465272584502,85.2511102149449,82.32970508042229,84.74681854248047,5385409,0.0,0.0
2019-07-26 00:00:00-04:00,84.8946287080208,85.68584566316864,81.72977415442288,82.19058990478516,3806488,0.0,0.0
2019-08-02 00:00:00-04:00,81.97322717100172,82.23406954088026,77.59981565271788,79.91259765625,5181192,0.0,0.0
2019-08-09 00:00:00-04:00,80.02562724316813,80.12126900493423,76.44168804180661,77.25202941894531,3106531,0.0,0.0
2019-08-16 00:00:00-04:00,77.87803816978555,79.1213743172537,77.45200185776397,78.08670806884766,2967729,0.0,0.0
2019-08-23 00:00:00-04:00,77.70416224087036,78.37364799939067,75.8695888413371,77.89543914794922,3653589,0.0,0.0
2019-08-30 00:00:00-04:00,78.47798810000525,81.52111852155622,77.92153049645862,81.34722137451172,3316046,0.7625,0.0
2019-09-06 00:00:00-04:00,82.10904465851411,86.74713237169568,81.16213684076206,85.50212097167969,3238724,0.0,0.0
2019-09-13 00:00:00-04:00,86.238589051488,86.90931361003979,84.86206853854834,85.063720703125,2448135,0.0,0.0
2019-09-20 00:00:00-04:00,85.42321014404297,86.44902353972097,84.08176082828162,85.42321014404297,4397946,0.0,0.0
2019-09-27 00:00:00-04:00,86.15967408874216,87.7378534069068,81.4339123444184,82.95948791503906,3743505,0.0,0.0
2019-10-04 00:00:00-04:00,83.08224694266123,84.27464778694315,81.02185068748683,82.87181854248047,3003195,0.0,0.0
2019-10-11 00:00:00-04:00,84.0554589135789,88.47435510365555,84.00284846746383,86.73835754394531,3744564,0.0,0.0
2019-10-18 00:00:00-04:00,86.73835523157179,91.73591268219721,86.27367088658906,91.2273941040039,3613756,0.0,0.0
2019-10-25 00:00:00-04:00,89.91225097743127,91.2887717223822,89.01794695583828,89.93855285644531,3105217,0.0,0.0
2019-11-01 00:00:00-04:00,90.79777996962687,95.19914395304724,90.33309559649776,93.30532836914062,3331366,0.0,0.0
2019-11-08 00:00:00-05:00,93.05104755689514,93.37545294707127,90.55226916797947,91.03449249267578,2855624,0.0,0.0
2019-11-15 00:00:00-05:00,91.56055800637431,92.49869617393591,89.85086914139274,89.92100524902344,3905965,0.0,0.0
2019-11-22 00:00:00-05:00,90.20156680339569,92.29703429329483,89.75442153895317,92.24443054199219,2218293,0.0,0.0
2019-11-29 00:00:00-05:00,92.1129113775577,92.38471302491469,89.7851018120901,90.28924560546875,2481892,0.7625,0.0
2019-12-06 00:00:00-05:00,91.65538020872566,93.52788347621518,91.13426292607676,93.38656616210938,3014334,0.0,0.0
2019-12-13 00:00:00-05:00,93.39539319959856,94.5789585480191,91.92919322496913,92.90960693359375,3348997,0.0,0.0
2019-12-20 00:00:00-05:00,93.22758365487284,94.3669768668105,92.75945276548133,93.62504577636719,2311393,0.0,0.0
2019-12-27 00:00:00-05:00,93.92533845213038,94.36696597557737,92.57395930857476,93.45721435546875,1869589,0.0,0.0
2020-01-03 00:00:00-05:00,92.35314576472096,92.63137326153333,88.44916006552795,89.04093933105469,3292633,0.0,0.0
2020-01-10 00:00:00-05:00,89.38542803032382,89.7298970365148,86.44419318813188,89.7210693359375,3766495,0.0,0.0
2020-01-17 00:00:00-05:00,90.09202069053448,90.83395174399737,87.35393121336641,88.47566223144531,3090077,0.0,0.0
2020-01-24 00:00:00-05:00,88.57282437853382,88.6788174212875,84.39503133918024,85.56975555419922,3076739,0.0,0.0
2020-01-31 00:00:00-05:00,85.40194640380152,87.15962234354838,82.55786361626296,84.92498779296875,3561149,0.0,0.0
2020-02-07 00:00:00-05:00,84.41266480010762,85.64922292400658,83.4057548214741,85.64038848876953,2356333,0.0,0.0
2020-02-14 00:00:00-05:00,85.65806761413197,90.0920044773003,84.50983348903912,87.98102569580078,3991578,0.0,0.0
2020-02-21 00:00:00-05:00,87.459911155669,87.78671794662525,76.57820932496465,76.58704376220703,8200424,0.0,0.0
2020-02-28 00:00:00-05:00,74.79402897905265,79.23105889946635,74.52022210260795,75.65078735351562,6532483,0.79,0.0
2020-03-06 00:00:00-05:00,74.27677393572769,76.62939110963514,67.0317831841357,69.91017150878906,8596988,0.0,0.0
2020-03-13 00:00:00-04:00,72.41427995010613,72.96678424254323,54.27060846077232,57.30940246582031,7448854,0.0,0.0
2020-03-20 00:00:00-04:00,58.06687171487112,61.720556061828844,44.272867976641265,61.16804504394531,9771772,0.0,0.0
2020-03-27 00:00:00-04:00,58.11143543439374,60.633371809082476,53.02300961340964,54.716182708740234,7232219,0.0,0.0
2020-04-03 00:00:00-04:00,54.493409076248874,67.91847701635506,51.570457013033675,63.86823272705078,7113149,0.0,0.0
2020-04-10 00:00:00-04:00,63.8682125760736,66.37232884887224,61.150230701253975,65.48118591308594,4384126,0.0,0.0
2020-04-17 00:00:00-04:00,67.75361256610255,69.51807899355421,62.87905845070058,65.14256286621094,4042922,0.0,0.0
2020-04-24 00:00:00-04:00,65.71288521206704,74.18765734182959,65.25840716138403,70.64981842041016,4827126,0.0,0.0
2020-05-01 00:00:00-04:00,68.86751952458394,69.2328913627242,63.08400423398338,65.69505310058594,4679474,0.0,0.0
2020-05-08 00:00:00-04:00,66.85356852041785,68.315049812442,59.81354176885289,63.271175384521484,4754262,0.0,0.0
2020-05-15 00:00:00-04:00,62.52260516087372,70.1597015003894,61.78295473246503,68.75169372558594,5078758,0.0,0.0
2020-05-22 00:00:00-04:00,68.69821669494637,78.33147800193781,67.94074643759154,75.13227081298828,3181148,0.0,0.0
2020-05-29 00:00:00-04:00,74.33026020176185,80.45240985078952,73.51040326164286,80.41676330566406,4267543,0.79,0.0
2020-06-05 00:00:00-04:00,84.61535357554169,85.82915229484202,74.73861672882873,75.15670013427734,3892837,0.0,0.0
2020-06-12 00:00:00-04:00,77.6202862977939,80.60533577485928,73.78107690254984,79.33758544921875,3895565,0.0,0.0
2020-06-19 00:00:00-04:00,80.87507887791662,81.79217647424626,74.88699969229582,76.47842407226562,5632069,0.0,0.0
2020-06-26 00:00:00-04:00,76.31656201155488,80.0029237006642,74.91395062759304,78.07881927490234,4334766,0.0,0.0
2020-07-03 00:00:00-04:00,78.078830213092,79.6253029093258,75.2286487385806,75.9299545288086,2189160,0.0,0.0
2020-07-10 00:00:00-04:00,76.37051100100432,79.83208790670952,75.41744842102354,79.69721984863281,2887723,0.0,0.0
2020-07-17 00:00:00-04:00,80.24568388518512,80.47046171119403,77.41348190553772,79.53538513183594,2621407,0.0,0.0
2020-07-24 00:00:00-04:00,79.51742006675,82.97000479566982,78.25866264528612,81.35160827636719,3896624,0.0,0.0
2020-07-31 00:00:00-04:00,81.54042392779367,83.43754973686097,80.35359702512525,82.92505645751953,4283232,0.0,0.0
2020-08-07 00:00:00-04:00,82.5743844452145,87.25876069203197,82.30465515159726,84.84014892578125,3168839,0.0,0.0
2020-08-14 00:00:00-04:00,84.75922021309188,85.66732455730423,82.67328224735233,82.91604614257812,2352868,0.0,0.0
2020-08-21 00:00:00-04:00,82.90705213037597,85.96403192159329,82.46648951418835,84.20177459716797,3224502,0.0,0.0
2020-08-28 00:00:00-04:00,84.46251386687241,89.41661196507398,83.74690576100998,87.06993103027344,4629772,0.79,0.0
2020-09-04 00:00:00-04:00,88.42988706682802,90.98571626967491,86.81663410459946,89.51747131347656,3876824,0.0,0.0
2020-09-11 00:00:00-04:00,89.82564135337553,94.61102399664681,89.61755057328912,92.29084014892578,4371522,0.0,0.0
2020-09-18 00:00:00-04:00,91.61107227942192,93.54153655329468,84.7683352121978,85.13993072509766,5693694,0.0,0.0
2020-09-25 00:00:00-04:00,84.596130595177,87.55980875387858,84.12484598352287,86.07344055175781,3455915,0.0,0.0
2020-10-02 00:00:00-04:00,84.74116093360858,91.71984200932286,84.74116093360858,91.67453002929688,2981040,0.0,0.0
2020-10-09 00:00:00-04:00,92.06424265980843,92.73491938425983,89.9751689878117,91.79234313964844,3366322,0.0,0.0
2020-10-16 00:00:00-04:00,91.84670246790499,93.88592772960473,86.76676963265308,87.71387481689453,4985915,0.0,0.0
2020-10-23 00:00:00-04:00,88.48426367546459,89.88906632411684,81.04335673904276,81.84998321533203,4164368,0.0,0.0
2020-10-30 00:00:00-04:00,81.68685889503246,89.45404381830758,80.65365161532067,87.20636749267578,4180477,0.0,0.0
2020-11-06 00:00:00-05:00,87.54167349588415,94.65630955871922,85.69278196509134,86.9435043334961,3922959,0.0,0.0
2020-11-13 00:00:00-05:00,87.84983819010085,91.3301131913613,87.32416949261096,88.8196029663086,3459181,0.0,0.0
2020-11-20 00:00:00-05:00,88.81961458410277,92.01893224797523,87.34231123898307,89.68061828613281,2863878,0.0,0.0
2020-11-27 00:00:00-05:00,89.58997519624863,92.99774963552612,86.82569579861429,88.14892578125,4870663,0.79,0.0
2020-12-04 00:00:00-05:00,88.80891840400307,89.95112588642318,87.87687319431876,88.6718521118164,4008089,0.0,0.0
2020-12-11 00:00:00-05:00,88.35204071701963,90.37146283063711,86.86259760874727,88.58961486816406,3446826,0.0,0.0
2020-12-18 00:00:00-05:00,88.67186435150194,91.67815569677828,85.97625013801674,90.79180145263672,3862259,0.0,0.0
2020-12-25 00:00:00-05:00,90.791786689146,92.72897304145793,90.00594740283424,91.76951599121094,1793251,0.0,0.0
2021-01-01 00:00:00-05:00,91.76951203437089,95.02251649322743,88.8911479792178,94.79407501220703,3439336,0.0,0.0
2021-01-08 00:00:00-05:00,95.09563052924013,99.18930541393314,93.33553360907226,95.89974212646484,3941877,0.0,0.0
2021-01-15 00:00:00-05:00,95.79922138719763,95.8083609989542,89.77750696363238,93.40515899658203,3529549,0.0,0.0
2021-01-22 00:00:00-05:00,92.55536311046009,93.44171728548513,87.90429033755481,88.58961486816406,4462381,0.0,0.0
2021-01-29 00:00:00-05:00,88.39773191349914,91.79694297290686,85.54678609965953,91.75125885009766,5552263,0.0,0.0
2021-02-05 00:00:00-05:00,92.29035671233426,95.29664738637312,91.5410689465983,91.86088562011719,3176313,0.0,0.0
2021-02-12 00:00:00-05:00,91.02937441765107,93.77980514846374,89.7592401936791,92.36347198486328,3804091,0.0,0.0
2021-02-19 00:00:00-05:00,92.99398270809553,97.88263743433536,91.67359083361234,96.30181884765625,4036199,0.0,0.0
2021-02-26 00:00:00-05:00,97.04193867291013,102.99055681055923,95.8266352881489,98.31207275390625,5454313,0.815,0.0
2021-03-05 00:00:00-05:00,100.10270552198098,109.399077631342,99.55957299640467,104.54905700683594,4651650,0.0,0.0
2021-03-12 00:00:00-05:00,105.73658793653273,108.19450622558786,103.98750490194205,106.73080444335938,3293406,0.0,0.0
2021-03-19 00:00:00-04:00,106.47305452539405,108.62718343586262,104.61350050297168,107.7342300415039,6263022,0.0,0.0
2021-03-26 00:00:00-04:00,108.34181285218497,109.1979426586738,106.04038939639644,107.35680389404297,3173539,0.0,0.0
2021-04-02 00:00:00-04:00,107.35678826427312,108.8665212696017,106.11401416036965,106.52827453613281,2299312,0.0,0.0
2021-04-09 00:00:00-04:00,107.20950422621628,109.11508247432836,106.04038425762216,109.04143524169922,3422995,0.0,0.0
2021-04-16 00:00:00-04:00,109.89755868603021,113.43254839166305,109.14729949485483,109.879150390625,4332383,0.0,0.0
2021-04-23 00:00:00-04:00,111.12191797361449,117.31735237559786,110.02643827280023,115.75238037109375,4611687,0.0,0.0
2021-04-30 00:00:00-04:00,115.69715612021724,122.31853124579614,114.63251603814886,121.86497497558594,4438108,0.0,0.0
2021-05-07 00:00:00-04:00,120.9535985728934,125.13297697311738,117.22529013528866,120.54854583740234,3606019,0.0,0.0
2021-05-14 00:00:00-04:00,120.8063151863845,122.74871713012016,118.2379328099022,120.419677734375,4345338,0.0,0.0
2021-05-21 00:00:00-04:00,120.53935011849912,122.72109493202646,119.32879920406576,120.09748077392578,4474743,0.0,0.0
2021-05-28 00:00:00-04:00,120.18032471060717,122.50936391172303,118.15507506356374,118.9007339477539,2604247,0.815,0.0
2021-06-04 00:00:00-04:00,120.01665334184413,120.60025228479704,117.93238755682029,118.30292510986328,2927748,0.0,0.0
2021-06-11 00:00:00-04:00,118.80313935808404,119.77579946634445,112.8745602300455,113.82868957519531,3605345,0.0,0.0
2021-06-18 00:00:00-04:00,111.9482241355055,117.29321163829478,111.22567983039451,116.86709594726562,4063736,0.0,0.0
2021-06-25 00:00:00-04:00,117.18204522956802,118.99767839474306,115.9314872670834,118.85871887207031,2514123,0.0,0.0
2021-07-02 00:00:00-04:00,119.18294790779099,119.85917237764791,117.07552228497623,117.78417205810547,2241446,0.0,0.0
2021-07-09 00:00:00-04:00,119.59979605550484,120.42423835267994,117.96943515739218,119.50715637207031,2610356,0.0,0.0
2021-07-16 00:00:00-04:00,120.10003399331893,122.41588512419537,115.440549716199,117.0616455078125,3407297,0.0,0.0
2021-07-23 00:00:00-04:00,117.93238362285403,120.3593907328648,116.71888006784864,118.49745178222656,3298456,0.0,0.0
2021-07-30 00:00:00-04:00,118.11766320243505,119.44233022146366,114.20850568890658,115.0422134399414,3980224,0.0,0.0
2021-08-06 00:00:00-04:00,116.17234246173662,116.74666893470739,114.23628752557687,116.04264831542969,2102572,0.0,0.0
2021-08-13 00:00:00-04:00,116.02411254571409,116.77908208652647,112.82824161393587,113.47667694091797,2327733,0.0,0.0
2021-08-20 00:00:00-04:00,113.4766925791705,116.32055716356001,113.37479457554286,113.68048858642578,2237730,0.0,0.0
2021-08-27 00:00:00-04:00,113.81944397902704,115.31085254238532,112.12423940317265,113.4674301147461,2582767,0.815,0.0
2021-09-03 00:00:00-04:00,114.04735080074931,114.6441638267687,110.97935505925174,111.14720916748047,2102918,0.0,0.0
2021-09-10 00:00:00-04:00,111.77199579801444,116.66773228184104,109.77640092424902,115.809814453125,3890335,0.0,0.0
2021-09-17 00:00:00-04:00,115.32488242432076,115.99629875287542,111.0259595955312,115.07310485839844,3137344,0.0,0.0
2021-09-24 00:00:00-04:00,114.61618114822679,116.95680417731266,113.0122435873002,113.04954528808594,2301927,0.0,0.0
2021-10-01 00:00:00-04:00,113.44121310450998,117.48369192720777,110.61567481501396,116.92884063720703,2729312,0.0,0.0
2021-10-08 00:00:00-04:00,116.91017749570634,118.90577215952892,115.07310971766132,118.74723815917969,1969266,0.0,0.0
2021-10-15 00:00:00-04:00,119.67976432492244,126.40267909962735,117.49766818785679,125.43341827392578,2969075,0.0,0.0
2021-10-22 00:00:00-04:00,126.0302632618864,127.89530608768804,121.53551745086119,122.75711822509766,3346239,0.0,0.0
2021-10-29 00:00:00-04:00,122.75711534183478,126.62707342281834,121.29306415712418,124.71541595458984,2784017,0.0,0.0
2021-11-05 00:00:00-04:00,125.9929763555492,127.78341587009163,124.90192794336625,126.0022964477539,2152830,0.0,0.0
2021-11-12 00:00:00-05:00,126.26335248483508,128.9023889311762,125.86237523789686,126.85084533691406,2549702,0.0,0.0
2021-11-19 00:00:00-05:00,126.7203137220508,129.7230333239759,125.27490292014414,127.15859985351562,2374723,0.0,0.0
2021-11-26 00:00:00-05:00,124.62213045410252,125.19096894547864,117.84270457718735,121.10652160644531,4621067,0.815,0.0
2021-12-03 00:00:00-05:00,122.64345397714011,127.02659252104567,120.34395070801644,125.9378433227539,3501216,0.0,0.0
2021-12-10 00:00:00-05:00,126.77318620038278,128.69725127844796,123.17844636957325,127.65543365478516,2892306,0.0,0.0
2021-12-17 00:00:00-05:00,128.05904489566743,128.58727922565313,121.1511393567628,127.05476379394531,3925037,0.0,0.0
2021-12-24 00:00:00-05:00,127.05474513817431,131.87789736755585,127.05474513817431,130.8184356689453,1327076,0.0,0.0
2021-12-31 00:00:00-05:00,130.696409866944,134.18790576817597,128.19979996482107,131.68191528320312,2727089,0.0,0.0
2022-01-07 00:00:00-05:00,131.44726685364563,132.21688994178348,127.20490916114194,130.46176147460938,2703546,0.0,0.0
2022-01-14 00:00:00-05:00,129.3354886345222,130.18959433620287,123.01889018276034,123.42247009277344,2247544,0.0,0.0
2022-01-21 00:00:00-05:00,123.37554238865849,127.12045759049506,120.24625126609924,121.91136932373047,3760367,0.0,0.0
2022-01-28 00:00:00-05:00,121.62977943426236,127.373861023898,118.98769896687163,124.60505676269531,3438931,0.0,0.0
2022-02-04 00:00:00-05:00,123.59140179615503,125.15883278060444,118.81406417823686,119.56492614746094,2712462,0.0,0.0
2022-02-11 00:00:00-05:00,119.9403669386949,125.7454517375863,118.24155036634524,119.77142333984375,3520165,0.0,0.0
2022-02-18 00:00:00-05:00,120.71937113620234,120.95871206497269,108.52729810940653,113.43604278564453,3987461,0.0,0.0
2022-02-25 00:00:00-05:00,113.54867569155216,117.71593901600303,112.29098291849327,116.2236099243164,3925169,0.895,0.0
2022-03-04 00:00:00-05:00,115.43632712240786,116.37221866840214,111.71165749325465,116.0508041381836,4605359,0.0,0.0
2022-03-11 00:00:00-05:00,116.56128344350958,121.27855555781093,114.90692625796663,121.05168151855469,4296173,0.0,0.0
2022-03-18 00:00:00-04:00,121.24074413967898,122.89510127218922,118.4897811030838,121.08948516845703,4665359,0.0,0.0
2022-03-25 00:00:00-04:00,121.47706986078504,123.32049332778841,119.12315823082133,119.13260650634766,3014923,0.0,0.0
2022-04-01 00:00:00-04:00,120.25759354206814,122.67758584362838,118.02657399799732,122.13883209228516,4291469,0.0,0.0
2022-04-08 00:00:00-04:00,122.18608339964042,126.1565373833631,121.25018480193175,123.78372192382812,3033372,0.0,0.0
2022-04-15 00:00:00-04:00,123.78371862331353,133.39837035944902,123.18814549293825,130.5807647705078,2813788,0.0,0.0
2022-04-22 00:00:00-04:00,130.3444462467029,130.5902312686103,123.24488119345457,125.9107666015625,3871365,0.0,0.0
2022-04-29 00:00:00-04:00,125.39081934693222,127.97161249126981,121.2501950742644,123.1787109375,4310065,0.0,0.0
2022-05-06 00:00:00-04:00,122.4224254127491,126.61030531954334,120.78697207739769,125.4475326538086,3766007,0.0,0.0
2022-05-13 00:00:00-04:00,126.27000647136644,130.9494712644664,122.83839222482955,124.78580474853516,3833105,0.0,0.0
2022-05-20 00:00:00-04:00,125.49481053650618,129.05404130919163,118.68831522288603,128.60499572753906,4562291,0.0,0.0
2022-05-27 00:00:00-04:00,129.28562393704064,131.6017351505693,126.85609014764208,129.30453491210938,3141947,0.895,0.0
2022-06-03 00:00:00-04:00,129.7816191989892,135.12494298776505,128.90613270719427,132.8363037109375,3143171,0.0,0.0
2022-06-10 00:00:00-04:00,130.5809833205967,131.03300754103518,121.53109686612413,122.10206604003906,4244680,0.0,0.0
2022-06-17 00:00:00-04:00,121.91174510330045,126.94579638754566,120.80786507753963,126.84111785888672,3911705,0.0,0.0
2022-06-24 00:00:00-04:00,127.96401879277178,132.0654882921249,125.17577169677487,126.56513977050781,3944057,0.0,0.0
2022-07-01 00:00:00-04:00,126.17498520784154,131.71340709731388,124.92360563038173,131.29469299316406,3309248,0.0,0.0
2022-07-08 00:00:00-04:00,131.5420991209031,132.56984788963902,128.07821157614083,130.0766143798828,3394147,0.0,0.0
2022-07-15 00:00:00-04:00,131.5040233325657,135.74822920860456,130.50482206345674,135.653076171875,3386977,0.0,0.0
2022-07-22 00:00:00-04:00,136.32875756029566,142.9710601012044,135.03179790059798,142.3715362548828,4880829,0.0,0.0
2022-07-29 00:00:00-04:00,142.49523023678543,146.67283108371382,142.1431218370219,142.676025390625,5465788,0.0,0.0
2022-08-05 00:00:00-04:00,141.77200430013167,149.9178496853436,141.35329017874588,149.03285217285156,4054846,0.0,0.0
2022-08-12 00:00:00-04:00,148.8901127226771,153.63867578416202,148.8901127226771,152.23028564453125,3004261,0.0,0.0
2022-08-19 00:00:00-04:00,151.71639335840118,153.2484983394514,148.00509037102879,151.99237060546875,4681306,0.0,0.0
2022-08-26 00:00:00-04:00,152.31593083274564,152.6585137947751,146.83727521855616,149.1946258544922,4104508,0.895,0.0
2022-09-02 00:00:00-04:00,150.9934198157063,155.41527066853783,148.45229811659777,154.994140625,5465360,0.0,0.0
2022-09-09 00:00:00-04:00,155.37700395013846,157.91335045916398,147.06930845490794,147.78713989257812,4890670,0.0,0.0
2022-09-16 00:00:00-04:00,146.69602193700754,153.38142530494008,146.13410625467742,147.70098876953125,5312320,0.0,0.0
2022-09-23 00:00:00-04:00,146.437605362858,147.19371467706728,141.3649272235426,143.27914428710938,4327307,0.0,0.0
2022-09-30 00:00:00-04:00,143.57584533454968,151.7399799274912,141.977475841892,150.10333251953125,3869985,0.0,0.0
2022-10-07 00:00:00-04:00,149.03135749746957,151.1609149549962,145.13591924430978,149.82574462890625,3828493,0.0,0.0
2022-10-14 00:00:00-04:00,150.71588678126025,155.38236060038346,147.788086191987,151.09872436523438,4834638,0.0,0.0
2022-10-21 00:00:00-04:00,151.9409716678167,167.68540329142957,150.85943440870548,167.47483825683594,5810583,0.0,0.0
2022-10-28 00:00:00-04:00,167.96295271173148,172.2507941099854,165.8477367931341,169.45603942871094,5432478,0.0,0.0
2022-11-04 00:00:00-04:00,171.36069604789222,175.15085205933778,168.47980477703845,174.38516235351562,4043900,0.0,0.0
2022-11-11 00:00:00-05:00,174.73929253723713,175.61025010657602,168.97270550165018,171.7052459716797,4790546,0.0,0.0
2022-11-18 00:00:00-05:00,173.52378286277354,177.06508157337763,171.34157653929572,176.03140258789062,2704799,0.0,0.0
2022-11-25 00:00:00-05:00,176.60565381573034,178.12745273354935,170.9778515031126,176.96934509277344,4966359,0.895,0.0
2022-12-02 00:00:00-05:00,177.10659481166763,180.55466874223416,173.9711189339431,178.53968811035156,4569157,0.0,0.0
2022-12-09 00:00:00-05:00,177.50092092944206,178.64065625575654,170.1815923232421,171.93206787109375,5170620,0.0,0.0
2022-12-16 00:00:00-05:00,170.27776237790215,171.75894865793282,166.824889769774,168.3060760498047,4090531,0.0,0.0
2022-12-23 00:00:00-05:00,168.30605783108243,171.5473320483461,167.42120006683115,168.5465087890625,1813743,0.0,0.0
2022-12-30 00:00:00-05:00,168.12332066667042,168.12332066667042,161.00596316994339,162.13128662109375,4734486,0.0,0.0
2023-01-06 00:00:00-05:00,163.55477064981633,166.42575613322745,161.14063325388435,162.4967803955078,5023231,0.0,0.0
2023-01-13 00:00:00-05:00,161.7946458542939,164.14144961143447,155.110111989299,155.20628356933594,3732124,0.0,0.0
2023-01-20 00:00:00-05:00,155.6294848878816,161.76579839431207,153.86458297059394,161.5734405517578,4308687,0.0,0.0
2023-01-27 00:00:00-05:00,161.71771840317007,164.39153225700292,158.84191925886958,164.22802734375,4469707,0.0,0.0
2023-02-03 00:00:00-05:00,164.02602940203795,164.97822053914825,160.02493636217656,162.78530883789062,4773405,0.0,0.0
2023-02-10 00:00:00-05:00,162.65066931892966,173.5671502062093,162.47753697350413,172.3071746826172,4767866,0.0,0.0
2023-02-17 00:00:00-05:00,172.38410498190814,173.84605098605343,166.94030618498368,172.89385986328125,4455372,0.0,0.0
2023-02-24 00:00:00-05:00,172.03787980680272,174.4427861001002,160.47700609034524,164.40115356445312,8485020,0.95,0.0
2023-03-03 00:00:00-05:00,165.96166602357115,168.4522003942017,159.44275447772094,159.78126525878906,5144993,0.0,0.0
2023-03-10 00:00:00-05:00,159.94569043721944,160.8355117269199,154.63093677017795,159.2589874267578,7184685,0.0,0.0
2023-03-17 00:00:00-04:00,158.4755607367032,161.58994267149183,147.94276430454082,149.2291259765625,12262457,0.0,0.0
2023-03-24 00:00:00-04:00,150.96042687453908,160.31808047251099,149.73207997004127,158.97850036621094,5853456,0.0,0.0
2023-03-31 00:00:00-04:00,159.6071769799495,163.59203198419343,155.4578851647322,156.95704650878906,3962819,0.0,0.0
2023-04-07 00:00:00-04:00,156.95704362209023,162.38303029415346,156.8071289662702,158.84307861328125,3036124,0.0,0.0
2023-04-14 00:00:00-04:00,159.15258879252826,164.44316818376268,158.64964121057469,163.08908081054688,5486930,0.0,0.0
2023-04-21 00:00:00-04:00,164.43350013911413,164.4431815746207,157.7018032220202,162.1122283935547,3937493,0.0,0.0
2023-04-28 00:00:00-04:00,162.07352722368987,167.4898322243165,161.41582429548825,165.6908416748047,6660959,0.0,0.0
2023-05-05 00:00:00-04:00,166.31953576835755,169.1727696820205,165.42003308227078,166.01002502441406,3927261,0.0,0.0
2023-05-12 00:00:00-04:00,166.2034681723946,167.04494131552102,157.73081047200438,159.3750457763672,3219603,0.0,0.0
2023-05-19 00:00:00-04:00,159.48144939303353,160.45348915257807,151.68582747838187,153.3494110107422,3282325,0.0,0.0
2023-05-26 00:00:00-04:00,153.1753208084044,153.34515918026284,140.53403591031437,144.32545471191406,5517724,0.95,0.0
2023-06-02 00:00:00-04:00,145.87495802887867,150.1092897731151,145.4367342063225,150.05087280273438,4182231,0.0,0.0
2023-06-09 00:00:00-04:00,150.3818339428838,157.74079735178444,149.32567954020362,157.35142517089844,4235251,0.0,0.0
2023-06-16 00:00:00-04:00,159.1133092925073,159.28851563727457,154.04184608664374,157.19569396972656,3682174,0.0,0.0
2023-06-23 00:00:00-04:00,156.93287286555517,162.27688928762723,154.36307578427565,161.6441650390625,4467208,0.0,0.0
2023-06-30 00:00:00-04:00,162.72464449235486,165.13869263213235,159.47346471941648,160.6804962158203,3144326,0.0,0.0
2023-07-07 00:00:00-04:00,160.30085548430912,166.03424404972228,160.05750343394817,160.3884735107422,4063520,0.0,0.0
2023-07-14 00:00:00-04:00,160.1938090224419,164.35025171637994,150.56678679900793,151.04376220703125,6027029,0.0,0.0
2023-07-21 00:00:00-04:00,150.8782745042583,154.34847719434114,149.78319025382416,151.66673278808594,4864803,0.0,0.0
2023-07-28 00:00:00-04:00,152.69854131741923,153.2533911271832,150.0703421181391,151.5499267578125,5051387,0.0,0.0
2023-08-04 00:00:00-04:00,152.19238734802073,153.81797735938494,148.86331802911982,152.0171661376953,4604036,0.0,0.0
2023-08-11 00:00:00-04:00,152.37731542304428,154.38254882225678,150.16768946943333,150.2066192626953,4089550,0.0,0.0
2023-08-18 00:00:00-04:00,149.17481474934982,151.90036082793765,148.39608517646312,148.4836883544922,3139883,0.0,0.0
2023-08-25 00:00:00-04:00,149.30134487231015,153.24363594648676,148.36686652504235,149.64202880859375,3509649,0.0,0.0
2023-09-01 00:00:00-04:00,150.68359496708248,150.97562040279809,145.4563827415625,146.99436950683594,3348569,0.95,0.0
2023-09-08 00:00:00-04:00,147.73410974776132,148.16509444188512,143.60045311601993,147.1267852783203,3535749,0.0,0.0
2023-09-15 00:00:00-04:00,147.22475168919206,147.56758145740315,142.63071023318517,142.66009521484375,3789864,0.0,0.0
2023-09-22 00:00:00-04:00,142.5033748540064,144.89835564501823,138.6831775177355,140.32879638671875,4246462,0.0,0.0
2023-09-29 00:00:00-04:00,141.79808509019242,143.1498539298126,136.8073318155107,139.77044677734375,5433412,0.0,0.0
2023-10-06 00:00:00-04:00,139.41780945017,145.54971916762454,138.8251924476049,144.2665252685547,5085886,0.0,0.0
2023-10-13 00:00:00-04:00,144.76609824336734,147.82227084724911,127.25194673048114,127.4576416015625,6151563,0.0,0.0
2023-10-20 00:00:00-04:00,127.92782820976556,130.62156106685296,124.25454865862793,126.29198455810547,7307495,0.0,0.0
2023-10-27 00:00:00-04:00,126.33116739147896,128.15801331621262,123.76477208705326,128.01597595214844,6327988,0.0,0.0
2023-11-03 00:00:00-04:00,129.91629923822805,132.98224701502613,129.77230385545704,132.2769775390625,4699613,0.0,0.0
2023-11-10 00:00:00-05:00,132.61982874722858,136.67512095894259,131.6402894212437,134.6572723388672,4289456,0.0,0.0
2023-11-17 00:00:00-05:00,135.71516551474187,136.09718522279638,133.21733744827026,134.9511260986328,3718957,0.0,0.0
2023-11-24 00:00:00-05:00,134.95112327898497,135.57566622540446,129.0836779376091,130.06321716308594,4951210,0.95,0.0
2023-12-01 00:00:00-05:00,131.68343601247565,135.77758856373237,130.76102295344154,132.47267150878906,6976012,0.0,0.0
2023-12-08 00:00:00-05:00,132.9856738214159,139.66455779444814,131.0125926521172,137.9874267578125,5222632,0.0,0.0
2023-12-15 00:00:00-05:00,137.0897030896396,138.5932834929129,134.94889651123182,136.60629272460938,5974894,0.0,0.0
2023-12-22 00:00:00-05:00,136.56681401101378,138.036764988595,135.65919842568977,136.52735900878906,2059741,0.0,0.0
2023-12-29 00:00:00-05:00,136.2511285590032,138.83586022186816,133.18298656271804,134.32737731933594,3626297,0.0,0.0
2024-01-05 00:00:00-05:00,133.5184111683323,136.95158355133458,133.38029607614828,136.5668182373047,4289353,0.0,0.0
2024-01-12 00:00:00-05:00,137.4547095395906,138.40178012657196,135.19060057123804,137.57308959960938,3182667,0.0,0.0
2024-01-19 00:00:00-05:00,137.96771442261837,142.97923730258736,137.39551904543464,140.60177612304688,4497838,0.0,0.0
2024-01-26 00:00:00-05:00,141.4403313190503,142.27889691156633,137.49416863128735,140.749755859375,4038045,0.0,0.0
2024-02-02 00:00:00-05:00,140.4340623396049,141.6869580801707,137.0403602209444,140.39459228515625,4890584,0.0,0.0
2024-02-09 00:00:00-05:00,140.4340761266386,143.91656362957713,133.1829958848733,141.77577209472656,7300531,0.0,0.0
2024-02-16 00:00:00-05:00,141.16410323630063,144.71565572951584,139.31927696940573,144.1533203125,4860461,0.0,0.0
2024-02-23 00:00:00-05:00,144.31116591729807,150.5832017036623,144.13359582490455,147.2510528564453,6440209,1.0,0.0
2024-03-01 00:00:00-05:00,147.8107501161966,151.56460975576408,146.7680079600339,149.77706909179688,4898052,0.0,0.0
2024-03-08 00:00:00-05:00,149.59830355930666,153.83878017865962,149.02231251882185,150.81979370117188,5201244,0.0,0.0
2024-03-15 00:00:00-04:00,150.01539859521102,156.60948155038713,150.01539859521102,156.2917022705078,5005722,0.0,0.0
2024-03-22 00:00:00-04:00,156.36120536444747,156.67899978750322,151.00847867143833,153.85862731933594,4088554,0.0,0.0
2024-03-29 00:00:00-04:00,153.8586209669873,154.54385190429707,147.76108089412105,147.8206787109375,3090196,0.0,0.0
2024-04-05 00:00:00-04:00,148.19804444401447,150.37787291216927,144.60308222044412,145.09962463378906,3428207,0.0,0.0
2024-04-12 00:00:00-04:00,143.86819509851904,163.31279797284694,142.71622820719753,159.12197875976562,8880691,0.0,0.0
2024-04-19 00:00:00-04:00,159.88665354791698,162.7268766953338,157.85082666773948,159.9561767578125,8570517,0.0,0.0
2024-04-26 00:00:00-04:00,159.50928160542043,161.01877479996648,154.91130911619388,155.23902893066406,5209597,0.0,0.0
2024-05-03 00:00:00-04:00,155.99376589475847,158.66516649451384,152.45838634759963,154.2657928466797,4399045,0.0,0.0
2024-05-10 00:00:00-04:00,154.90136722411984,157.5529018964118,152.51299942510948,153.0343780517578,3469066,0.0,0.0
2024-05-17 00:00:00-04:00,153.7692594972453,153.7692594972453,144.5534330042384,144.64280700683594,3615041,0.0,0.0
2024-05-24 00:00:00-04:00,145.26844976676074,145.65566133015346,138.1877499800569,139.70716857910156,2645111,0.0,0.0
2024-05-31 00:00:00-04:00,139.73697576082122,144.44418824667005,139.5085553352106,143.61000061035156,4688650,0.0,0.0
2024-06-07 00:00:00-04:00,142.0508531199831,145.32308110111265,138.55520528836695,139.9355926513672,4129644,1.0,0.0
2024-06-14 00:00:00-04:00,138.74000549316406,142.1300048828125,134.84950256347656,141.4199981689453,3719116,0.0,0.0
2024-06-21 00:00:00-04:00,141.3699951171875,142.9600067138672,136.1300048828125,137.39999389648438,4346878,0.0,0.0
2024-06-28 00:00:00-04:00,136.88999938964844,138.72999572753906,132.35000610351562,133.3800048828125,4195855,0.0,0.0
2024-07-05 00:00:00-04:00,132.8000030517578,136.5800018310547,130.6199951171875,136.50999450683594,5123968,0.0,0.0
2024-07-12 00:00:00-04:00,137.8000030517578,143.1999969482422,136.44000244140625,141.72000122070312,3810610,0.0,0.0
