Date,Open,High,Low,Close,Volume,Dividends,Stock Splits
2010-01-01 00:00:00-05:00,15.050000190734863,16.475000381469727,15.050000190734863,16.155000686645508,5792274,0.0,0.0
2010-01-08 00:00:00-05:00,16.014999389648438,16.31999969482422,15.524999618530273,15.930000305175781,5035116,0.0,0.0
2010-01-15 00:00:00-05:00,16.03499984741211,16.06999969482422,15.260000228881836,15.744999885559082,6756328,0.0,0.0
2010-01-22 00:00:00-05:00,15.539999961853027,15.574999809265137,14.020000457763672,14.175000190734863,8076840,0.0,0.0
2010-01-29 00:00:00-05:00,14.279999732971191,14.635000228881836,13.600000381469727,13.625,6581148,0.0,0.0
2010-02-05 00:00:00-05:00,13.609999656677246,14.0649995803833,12.875,13.960000038146973,8794394,0.0,0.0
2010-02-12 00:00:00-05:00,13.704999923706055,14.649999618530273,13.675000190734863,14.595000267028809,3571576,0.0,0.0
2010-02-19 00:00:00-05:00,14.595000267028809,14.625,13.84000015258789,14.5600004196167,7148444,0.0,0.0
2010-02-26 00:00:00-05:00,14.569999694824219,15.949999809265137,14.3100004196167,15.914999961853027,6687150,0.0,0.0
2010-03-05 00:00:00-05:00,15.989999771118164,17.084999084472656,15.9350004196167,17.084999084472656,5636558,0.0,0.0
2010-03-12 00:00:00-05:00,17.295000076293945,18.149999618530273,17.149999618530273,17.415000915527344,7649072,0.0,0.0
2010-03-19 00:00:00-04:00,17.44499969482422,20.475000381469727,16.399999618530273,19.700000762939453,17718822,0.0,0.0
2010-03-26 00:00:00-04:00,19.510000228881836,21.200000762939453,19.344999313354492,20.844999313354492,13257234,0.0,0.0
2010-04-02 00:00:00-04:00,20.844999313354492,21.679500579833984,20.844999313354492,21.43000030517578,7603314,0.0,0.0
2010-04-09 00:00:00-04:00,21.53499984741211,22.80500030517578,20.829999923706055,22.53499984741211,11315104,0.0,0.0
2010-04-16 00:00:00-04:00,22.469999313354492,22.6200008392334,20.329999923706055,21.114999771118164,13933652,0.0,0.0
2010-04-23 00:00:00-04:00,21.170000076293945,22.209999084472656,19.55500030517578,19.920000076293945,11907774,0.0,0.0
2010-04-30 00:00:00-04:00,20.06999969482422,20.795000076293945,17.670499801635742,18.584999084472656,19710516,0.0,0.0
2010-05-07 00:00:00-04:00,18.475000381469727,21.924999237060547,17.579999923706055,20.96500015258789,16041134,0.0,0.0
2010-05-14 00:00:00-04:00,20.6299991607666,20.6299991607666,18.190000534057617,18.360000610351562,12104126,0.0,0.0
2010-05-21 00:00:00-04:00,17.93000030517578,20.469999313354492,17.71500015258789,20.459999084472656,13251924,0.0,0.0
2010-05-28 00:00:00-04:00,20.5,21.959999084472656,19.81999969482422,21.850000381469727,9836480,0.0,0.0
2010-06-04 00:00:00-04:00,21.15999984741211,21.739999771118164,18.440000534057617,20.415000915527344,20252328,0.0,0.0
2010-06-11 00:00:00-04:00,20.25,23.2450008392334,19.934999465942383,22.1299991607666,18778994,0.0,0.0
2010-06-18 00:00:00-04:00,22.299999237060547,22.899999618530273,20.014999389648438,20.93000030517578,18636002,0.0,0.0
2010-06-25 00:00:00-04:00,20.969999313354492,21.149999618530273,17.875,18.899999618530273,32562380,0.0,0.0
2010-07-02 00:00:00-04:00,19.020000457763672,19.5,17.825000762939453,19.360000610351562,11852656,0.0,0.0
2010-07-09 00:00:00-04:00,19.25,19.850000381469727,18.950000762939453,19.799999237060547,10709872,0.0,0.0
2010-07-16 00:00:00-04:00,19.764999389648438,20.294950485229492,18.31999969482422,20.2450008392334,9452324,0.0,0.0
2010-07-23 00:00:00-04:00,20.235000610351562,21.684999465942383,19.774999618530273,20.325000762939453,6808624,0.0,0.0
2010-07-30 00:00:00-04:00,19.96500015258789,21.170000076293945,19.625,19.875,6798852,0.0,0.0
2010-08-06 00:00:00-04:00,19.625,20.200000762939453,18.6200008392334,19.05500030517578,4217992,0.0,0.0
2010-08-13 00:00:00-04:00,19.045000076293945,19.875,18.60504913330078,18.8799991607666,3636288,0.0,0.0
2010-08-20 00:00:00-04:00,18.924999237060547,19.419950485229492,17.704999923706055,17.80500030517578,5783794,0.0,0.0
2010-08-27 00:00:00-04:00,17.989999771118164,18.114999771118164,15.539999961853027,17.18000030517578,19900702,0.0,0.0
2010-09-03 00:00:00-04:00,17.3700008392334,18.545000076293945,17.295949935913086,17.924999237060547,6870864,0.0,0.0
2010-09-10 00:00:00-04:00,19.954999923706055,22.0,19.549999237060547,21.700000762939453,25580210,0.0,0.0
2010-09-17 00:00:00-04:00,21.649999618530273,22.434999465942383,20.7549991607666,21.049999237060547,9103146,0.0,0.0
2010-09-24 00:00:00-04:00,21.399999618530273,23.28499984741211,21.2450008392334,22.360000610351562,12576788,0.0,0.0
2010-10-01 00:00:00-04:00,22.579999923706055,23.0,21.450000762939453,22.612499237060547,7982516,0.0,0.0
2010-10-08 00:00:00-04:00,22.71500015258789,24.225000381469727,22.524999618530273,23.364999771118164,13696942,0.0,0.0
2010-10-15 00:00:00-04:00,23.104999542236328,23.385000228881836,21.270000457763672,21.545000076293945,10816662,0.0,0.0
2010-10-22 00:00:00-04:00,21.55500030517578,23.239999771118164,21.55500030517578,22.065000534057617,9091940,0.0,0.0
2010-10-29 00:00:00-04:00,22.014999389648438,22.885000228881836,21.96500015258789,22.5,6214116,0.0,0.0
2010-11-05 00:00:00-04:00,22.454999923706055,24.875,22.434999465942383,24.155000686645508,15194028,0.0,0.0
2010-11-12 00:00:00-05:00,23.885000228881836,24.329999923706055,22.729999542236328,24.21500015258789,8993168,0.0,0.0
2010-11-19 00:00:00-05:00,24.145000457763672,27.385000228881836,23.94499969482422,26.940000534057617,12218090,0.0,0.0
2010-11-26 00:00:00-05:00,26.770000457763672,27.43000030517578,26.399999618530273,26.684999465942383,7980424,0.0,0.0
2010-12-03 00:00:00-05:00,26.549999237060547,33.33000183105469,25.81999969482422,31.780000686645508,35825076,0.0,0.0
2010-12-10 00:00:00-05:00,32.72999954223633,36.7400016784668,32.29999923706055,35.220001220703125,41549162,0.0,0.0
2010-12-17 00:00:00-05:00,35.380001068115234,37.29999923706055,34.904998779296875,35.595001220703125,13826112,0.0,0.0
2010-12-24 00:00:00-05:00,35.595001220703125,36.099998474121094,34.04999923706055,34.775001525878906,10843730,0.0,0.0
2010-12-31 00:00:00-05:00,34.7599983215332,36.0099983215332,32.650001525878906,33.494998931884766,22411530,0.0,0.0
2011-01-07 00:00:00-05:00,33.44499969482422,36.8650016784668,32.974998474121094,35.880001068115234,26734312,0.0,0.0
2011-01-14 00:00:00-05:00,35.81999969482422,36.290000915527344,33.689998626708984,33.974998474121094,13112406,0.0,0.0
2011-01-21 00:00:00-05:00,34.4900016784668,35.23500061035156,32.779998779296875,35.150001525878906,13458790,0.0,0.0
2011-01-28 00:00:00-05:00,35.165000915527344,37.0,34.0099983215332,36.005001068115234,18600632,0.0,0.0
2011-02-04 00:00:00-05:00,36.209999084472656,41.59495162963867,36.040000915527344,41.3849983215332,29494676,0.0,0.0
2011-02-11 00:00:00-05:00,41.380001068115234,42.63999938964844,40.665000915527344,41.220001220703125,15491852,0.0,0.0
2011-02-18 00:00:00-05:00,41.619998931884766,41.619998931884766,36.79499816894531,38.084999084472656,16767030,0.0,0.0
2011-02-25 00:00:00-05:00,38.47999954223633,39.32994842529297,36.345001220703125,37.83000183105469,20825692,0.0,0.0
2011-03-04 00:00:00-05:00,38.22999954223633,39.29999923706055,36.505001068115234,37.36000061035156,14805110,0.0,0.0
2011-03-11 00:00:00-05:00,36.875,40.65999984741211,36.79669952392578,38.18299865722656,33265666,0.0,0.0
2011-03-18 00:00:00-04:00,38.70000076293945,40.48500061035156,37.39500045776367,39.404998779296875,19902958,0.0,0.0
2011-03-25 00:00:00-04:00,39.55500030517578,45.484500885009766,39.25,44.525001525878906,37770356,0.0,0.0
2011-04-01 00:00:00-04:00,44.845001220703125,47.4900016784668,44.26499938964844,45.755001068115234,23081712,0.0,0.0
2011-04-08 00:00:00-04:00,45.994998931884766,46.279998779296875,43.224998474121094,46.01250076293945,16514294,0.0,0.0
2011-04-15 00:00:00-04:00,45.7599983215332,51.41450119018555,45.7400016784668,51.084999084472656,25880046,0.0,0.0
2011-04-22 00:00:00-04:00,51.084999084472656,51.26499938964844,48.599998474121094,49.665000915527344,11309054,0.0,0.0
2011-04-29 00:00:00-04:00,49.5099983215332,50.334999084472656,45.084999084472656,46.994998931884766,17268484,0.0,0.0
2011-05-06 00:00:00-04:00,47.86000061035156,50.56999969482422,47.03499984741211,48.52000045776367,11422564,0.0,0.0
2011-05-13 00:00:00-04:00,48.54499816894531,49.5,46.125,48.619998931884766,11819786,0.0,0.0
2011-05-20 00:00:00-04:00,48.2400016784668,49.14500045776367,45.529998779296875,45.875,17943992,0.0,0.0
2011-05-27 00:00:00-04:00,45.6349983215332,45.974998474121094,42.775001525878906,43.65999984741211,23329646,0.0,0.0
2011-06-03 00:00:00-04:00,42.834999084472656,44.474998474121094,41.18000030517578,43.06999969482422,22169068,0.0,0.0
2011-06-10 00:00:00-04:00,46.099998474121094,46.79499816894531,43.20500183105469,45.4900016784668,31129118,0.0,0.0
2011-06-17 00:00:00-04:00,46.189998626708984,53.375,45.845001220703125,53.349998474121094,25282390,0.0,0.0
2011-06-24 00:00:00-04:00,53.209999084472656,57.097999572753906,51.07500076293945,55.90999984741211,21820160,0.0,0.0
2011-07-01 00:00:00-04:00,55.90999984741211,61.91999816894531,55.58000183105469,60.849998474121094,16868206,0.0,0.0
2011-07-08 00:00:00-04:00,59.79999923706055,62.86000061035156,58.300048828125,59.7400016784668,19750007,0.0,2.0
2011-07-15 00:00:00-04:00,60.75,64.48999786376953,59.52009963989258,63.0099983215332,13200345,0.0,0.0
2011-07-22 00:00:00-04:00,62.90999984741211,63.84000015258789,60.38999938964844,61.68000030517578,10833169,0.0,0.0
2011-07-29 00:00:00-04:00,60.43000030517578,62.75,55.90999984741211,55.9900016784668,15022362,0.0,0.0
2011-08-05 00:00:00-04:00,56.93000030517578,57.40999984741211,47.15999984741211,53.83000183105469,27077947,0.0,0.0
2011-08-12 00:00:00-04:00,55.560001373291016,59.75,47.23099899291992,48.0,20389699,0.0,0.0
2011-08-19 00:00:00-04:00,47.0,52.84000015258789,44.27000045776367,49.119998931884766,20609746,0.0,0.0
2011-08-26 00:00:00-04:00,48.77000045776367,57.900001525878906,48.0,54.529998779296875,16486125,0.0,0.0
2011-09-02 00:00:00-04:00,52.95000076293945,58.599998474121094,51.0,57.689998626708984,16462992,0.0,0.0
2011-09-09 00:00:00-04:00,55.439998626708984,59.43949890136719,52.810001373291016,58.560001373291016,26375804,0.0,0.0
2011-09-16 00:00:00-04:00,58.25,61.79999923706055,53.27000045776367,54.22999954223633,20895907,0.0,0.0
2011-09-23 00:00:00-04:00,53.54999923706055,57.9900016784668,49.869998931884766,51.90999984741211,18267984,0.0,0.0
2011-09-30 00:00:00-04:00,50.290000915527344,52.61000061035156,42.18000030517578,52.16999816894531,23676118,0.0,0.0
2011-10-07 00:00:00-04:00,52.349998474121094,55.0,50.0,52.959999084472656,13529242,0.0,0.0
2011-10-14 00:00:00-04:00,54.40999984741211,54.849998474121094,48.7400016784668,50.18000030517578,12497288,0.0,0.0
2011-10-21 00:00:00-04:00,51.06999969482422,58.439998626708984,49.65999984741211,57.58000183105469,15749983,0.0,0.0
2011-10-28 00:00:00-04:00,57.0,59.459999084472656,52.56999969482422,56.29999923706055,14304954,0.0,0.0
2011-11-04 00:00:00-04:00,55.52000045776367,57.93000030517578,53.5,53.97999954223633,11928791,0.0,0.0
2011-11-11 00:00:00-05:00,54.54999923706055,55.04999923706055,50.0099983215332,50.31999969482422,13788737,0.0,0.0
2011-11-18 00:00:00-05:00,50.88999938964844,51.13999938964844,46.0,46.70000076293945,11159403,0.0,0.0
2011-11-25 00:00:00-05:00,46.939998626708984,50.0099983215332,41.70000076293945,47.16999816894531,39807790,0.0,0.0
2011-12-02 00:00:00-05:00,48.810001373291016,50.689998626708984,44.709999084472656,45.86000061035156,31368374,0.0,0.0
2011-12-09 00:00:00-05:00,46.15999984741211,48.4900016784668,42.75,45.130001068115234,18323854,0.0,0.0
2011-12-16 00:00:00-05:00,45.560001373291016,46.97999954223633,44.310001373291016,46.790000915527344,11954067,0.0,0.0
2011-12-23 00:00:00-05:00,46.7400016784668,49.040000915527344,46.5,47.040000915527344,5817814,0.0,0.0
2011-12-30 00:00:00-05:00,46.72999954223633,52.529998779296875,46.5099983215332,52.099998474121094,14960769,0.0,0.0
2012-01-06 00:00:00-05:00,52.15999984741211,62.25,51.79999923706055,61.2400016784668,29061710,0.0,0.0
2012-01-13 00:00:00-05:00,61.04999923706055,62.68000030517578,59.869998931884766,60.13999938964844,10316547,0.0,0.0
2012-01-20 00:00:00-05:00,59.81999969482422,64.51000213623047,59.22999954223633,62.97999954223633,12225469,0.0,0.0
2012-01-27 00:00:00-05:00,62.4900016784668,65.08999633789062,62.029998779296875,63.54999923706055,8762738,0.0,0.0
2012-02-03 00:00:00-05:00,64.47000122070312,65.79000091552734,63.70000076293945,65.66000366210938,7201454,0.0,0.0
2012-02-10 00:00:00-05:00,64.56999969482422,67.22000122070312,64.1510009765625,65.58999633789062,8115168,0.0,0.0
2012-02-17 00:00:00-05:00,65.87999725341797,67.12999725341797,63.4900016784668,66.69999694824219,5104368,0.0,0.0
2012-02-24 00:00:00-05:00,66.70999908447266,70.9800033569336,65.75,70.86000061035156,8837178,0.0,0.0
2012-03-02 00:00:00-05:00,70.80000305175781,72.0,65.18000030517578,70.94000244140625,10238251,0.0,0.0
2012-03-09 00:00:00-05:00,71.13999938964844,74.36000061035156,70.80000305175781,74.23999786376953,9055297,0.0,0.0
2012-03-16 00:00:00-04:00,74.36000061035156,76.66000366210938,70.87999725341797,75.94999694824219,17671783,0.0,0.0
2012-03-23 00:00:00-04:00,75.94999694824219,76.6500015258789,71.91999816894531,73.1500015258789,11671779,0.0,0.0
2012-03-30 00:00:00-04:00,74.0999984741211,77.12999725341797,73.19999694824219,77.05999755859375,9357131,0.0,0.0
2012-04-06 00:00:00-04:00,77.05999755859375,77.05999755859375,71.26000213623047,73.12999725341797,7494162,0.0,0.0
2012-04-13 00:00:00-04:00,72.70999908447266,75.33000183105469,72.20999908447266,72.95999908447266,8077987,0.0,0.0
2012-04-20 00:00:00-04:00,73.01000213623047,74.44000244140625,69.63999938964844,73.41999816894531,8938403,0.0,0.0
2012-04-27 00:00:00-04:00,73.2699966430664,81.08999633789062,72.5,80.30000305175781,12289318,0.0,0.0
2012-05-04 00:00:00-04:00,79.7300033569336,80.70999908447266,70.5,73.5,11636062,0.0,0.0
2012-05-11 00:00:00-04:00,72.98999786376953,74.94000244140625,66.94000244140625,66.97000122070312,11150140,0.0,0.0
2012-05-18 00:00:00-04:00,67.69999694824219,72.80999755859375,66.01000213623047,72.66999816894531,12024661,0.0,0.0
2012-05-25 00:00:00-04:00,71.23999786376953,74.62999725341797,71.05000305175781,72.63999938964844,7207061,0.0,0.0
2012-06-01 00:00:00-04:00,70.94999694824219,72.38999938964844,63.04999923706055,63.84000015258789,31115645,0.0,0.0
2012-06-08 00:00:00-04:00,63.130001068115234,65.94000244140625,59.640499114990234,60.720001220703125,21597911,0.0,0.0
2012-06-15 00:00:00-04:00,61.45000076293945,65.66999816894531,60.150001525878906,63.20000076293945,15101828,0.0,0.0
2012-06-22 00:00:00-04:00,63.86000061035156,64.93000030517578,56.21009826660156,58.40999984741211,16439792,0.0,0.0
2012-06-29 00:00:00-04:00,58.619998931884766,60.95000076293945,56.83000183105469,60.15999984741211,11180449,0.0,0.0
2012-07-06 00:00:00-04:00,59.16999816894531,60.20000076293945,53.790000915527344,55.0,11920241,0.0,0.0
2012-07-13 00:00:00-04:00,55.52000045776367,59.839500427246094,54.0,59.29999923706055,14696180,0.0,0.0
2012-07-20 00:00:00-04:00,58.380001068115234,59.5,55.15999984741211,59.470001220703125,13940049,0.0,0.0
2012-07-27 00:00:00-04:00,59.79999923706055,62.22999954223633,52.20000076293945,54.47999954223633,15428695,0.0,0.0
2012-08-03 00:00:00-04:00,55.79999923706055,59.0099983215332,55.0,57.939998626708984,9506315,0.0,0.0
2012-08-10 00:00:00-04:00,58.22999954223633,60.88999938964844,57.13999938964844,60.65999984741211,9217106,0.0,0.0
2012-08-17 00:00:00-04:00,60.599998474121094,64.4000015258789,60.279998779296875,64.36000061035156,11722231,0.0,0.0
2012-08-24 00:00:00-04:00,63.70000076293945,65.75,62.29999923706055,64.6500015258789,11376358,0.0,0.0
2012-08-31 00:00:00-04:00,65.22000122070312,69.47000122070312,64.22000122070312,68.5999984741211,11689157,0.0,0.0
2012-09-07 00:00:00-04:00,68.0199966430664,78.5,67.0999984741211,77.16000366210938,29125526,0.0,0.0
2012-09-14 00:00:00-04:00,77.37000274658203,78.96499633789062,73.54000091552734,75.4800033569336,11858608,0.0,0.0
2012-09-21 00:00:00-04:00,76.20999908447266,76.44999694824219,72.6449966430664,74.26000213623047,7422434,0.0,0.0
2012-09-28 00:00:00-04:00,73.62000274658203,76.5999984741211,72.48999786376953,76.44999694824219,10629638,0.0,0.0
2012-10-05 00:00:00-04:00,76.9000015258789,77.08999633789062,72.5,72.69999694824219,5712095,0.0,0.0
2012-10-12 00:00:00-04:00,72.56999969482422,76.33999633789062,72.51000213623047,74.64640045166016,4997998,0.0,0.0
2012-10-19 00:00:00-04:00,73.4000015258789,73.44000244140625,66.51000213623047,67.69000244140625,12852822,0.0,0.0
2012-10-26 00:00:00-04:00,67.94999694824219,71.02999877929688,66.52999877929688,71.0199966430664,3417875,0.0,0.0
2012-11-02 00:00:00-04:00,71.19999694824219,72.3499984741211,68.16000366210938,68.41000366210938,6706545,0.0,0.0
2012-11-09 00:00:00-05:00,68.20999908447266,70.54000091552734,65.08999633789062,65.87000274658203,7180994,0.0,0.0
2012-11-16 00:00:00-05:00,65.98999786376953,72.7699966430664,65.8499984741211,69.9800033569336,6084922,0.0,0.0
2012-11-23 00:00:00-05:00,70.38999938964844,73.69999694824219,69.2699966430664,72.44000244140625,7283755,0.0,0.0
2012-11-30 00:00:00-05:00,72.44000244140625,73.69000244140625,66.5999984741211,73.56999969482422,18114171,0.0,0.0
2012-12-07 00:00:00-05:00,73.08000183105469,75.19999694824219,71.52999877929688,74.7699966430664,13853435,0.0,0.0
2012-12-14 00:00:00-05:00,74.30000305175781,77.8499984741211,74.12999725341797,77.1500015258789,9571771,0.0,0.0
2012-12-21 00:00:00-05:00,76.0,76.44000244140625,72.83000183105469,74.6500015258789,6118673,0.0,0.0
2012-12-28 00:00:00-05:00,74.0,77.95999908447266,73.3499984741211,75.08999633789062,7589240,0.0,0.0
2013-01-04 00:00:00-05:00,72.06999969482422,72.83999633789062,69.80000305175781,70.58000183105469,14534613,0.0,0.0
2013-01-11 00:00:00-05:00,70.87000274658203,72.5999984741211,66.30000305175781,68.1500015258789,24232824,0.0,0.0
2013-01-18 00:00:00-05:00,68.1500015258789,68.1500015258789,65.30999755859375,67.5999984741211,10337444,0.0,0.0
2013-01-25 00:00:00-05:00,67.5,70.19999694824219,67.38999938964844,69.0,10923398,0.0,0.0
2013-02-01 00:00:00-05:00,69.23999786376953,69.44999694824219,66.6500015258789,67.62999725341797,8989454,0.0,0.0
2013-02-08 00:00:00-05:00,67.77999877929688,68.86000061035156,66.0,66.98999786376953,9795139,0.0,0.0
2013-02-15 00:00:00-05:00,67.0999984741211,70.77999877929688,66.3499984741211,66.83999633789062,9609932,0.0,0.0
2013-02-22 00:00:00-05:00,67.33999633789062,68.77999877929688,65.19000244140625,67.05000305175781,10370824,0.0,0.0
2013-03-01 00:00:00-05:00,66.5199966430664,70.58000183105469,65.75,68.05000305175781,8973295,0.0,0.0
2013-03-08 00:00:00-05:00,68.75,70.52999877929688,68.08999633789062,70.47000122070312,7121451,0.0,0.0
2013-03-15 00:00:00-04:00,70.05999755859375,70.3949966430664,62.0,64.69999694824219,36978069,0.0,0.0
2013-03-22 00:00:00-04:00,64.30999755859375,64.87999725341797,61.599998474121094,62.34600067138672,19217213,0.0,0.0
2013-03-29 00:00:00-04:00,62.34600067138672,66.0999984741211,62.099998474121094,65.66000366210938,9345400,0.0,0.0
2013-04-05 00:00:00-04:00,64.62999725341797,69.02999877929688,62.79999923706055,68.80999755859375,12678634,0.0,0.0
2013-04-12 00:00:00-04:00,68.55000305175781,71.87000274658203,67.75,68.8499984741211,16302304,0.0,0.0
2013-04-19 00:00:00-04:00,68.7300033569336,77.2699966430664,67.51000213623047,75.0999984741211,18927249,0.0,0.0
2013-04-26 00:00:00-04:00,74.9000015258789,77.04000091552734,73.45099639892578,76.87999725341797,7537827,0.0,0.0
2013-05-03 00:00:00-04:00,76.05000305175781,81.25,74.0999984741211,79.06999969482422,15495802,0.0,0.0
2013-05-10 00:00:00-04:00,79.12999725341797,81.7699966430664,78.26000213623047,79.8499984741211,9126778,0.0,0.0
2013-05-17 00:00:00-04:00,79.91000366210938,82.47000122070312,76.80000305175781,79.04000091552734,7387325,0.0,0.0
2013-05-24 00:00:00-04:00,78.30000305175781,80.22000122070312,77.25199890136719,77.94000244140625,3648084,0.0,0.0
2013-05-31 00:00:00-04:00,77.91000366210938,82.4800033569336,77.41000366210938,79.55999755859375,7885208,0.0,0.0
2013-06-07 00:00:00-04:00,80.51000213623047,82.5,63.52000045776367,66.83999633789062,74395369,0.0,0.0
2013-06-14 00:00:00-04:00,67.91000366210938,68.11000061035156,62.099998474121094,62.70000076293945,20779592,0.0,0.0
2013-06-21 00:00:00-04:00,63.18000030517578,65.62999725341797,59.599998474121094,65.62999725341797,19305031,0.0,0.0
2013-06-28 00:00:00-04:00,65.58000183105469,66.80000305175781,64.05000305175781,64.5,7474055,0.0,0.0
2013-07-05 00:00:00-04:00,64.02999877929688,66.65699768066406,62.90999984741211,65.94999694824219,10228283,0.0,0.0
2013-07-12 00:00:00-04:00,65.9000015258789,66.7300033569336,63.33000183105469,65.7699966430664,12831275,0.0,0.0
2013-07-19 00:00:00-04:00,66.16000366210938,69.2699966430664,66.0199966430664,69.20999908447266,11655804,0.0,0.0
2013-07-26 00:00:00-04:00,69.16000366210938,71.30000305175781,68.0,71.08999633789062,7731507,0.0,0.0
2013-08-02 00:00:00-04:00,71.30000305175781,74.29000091552734,71.10600280761719,72.62000274658203,8460495,0.0,0.0
2013-08-09 00:00:00-04:00,72.19999694824219,74.75,71.41000366210938,72.22000122070312,8994451,0.0,0.0
2013-08-16 00:00:00-04:00,71.81999969482422,72.0,67.5999984741211,70.95999908447266,13569253,0.0,0.0
2013-08-23 00:00:00-04:00,71.55000305175781,72.81999969482422,68.94000244140625,71.12999725341797,7703628,0.0,0.0
2013-08-30 00:00:00-04:00,71.30000305175781,71.87999725341797,68.5,69.91999816894531,7614743,0.0,0.0
2013-09-06 00:00:00-04:00,70.06999969482422,72.70999908447266,63.5,65.29000091552734,36882334,0.0,0.0
2013-09-13 00:00:00-04:00,66.73999786376953,74.80999755859375,65.8499984741211,73.5,21955332,0.0,0.0
2013-09-20 00:00:00-04:00,73.2699966430664,74.37000274658203,71.66000366210938,72.25,14528515,0.0,0.0
2013-09-27 00:00:00-04:00,72.29000091552734,77.61000061035156,71.00199890136719,76.56999969482422,13050326,0.0,0.0
2013-10-04 00:00:00-04:00,76.33999633789062,77.75,72.83100128173828,75.72000122070312,9413854,0.0,0.0
2013-10-11 00:00:00-04:00,75.75,75.98999786376953,72.0,72.44999694824219,11004133,0.0,0.0
2013-10-18 00:00:00-04:00,72.5999984741211,73.98999786376953,71.54100036621094,72.58000183105469,8797363,0.0,0.0
2013-10-25 00:00:00-04:00,72.62999725341797,73.7300033569336,68.26000213623047,69.08999633789062,9489937,0.0,0.0
2013-11-01 00:00:00-04:00,68.94000244140625,70.19000244140625,66.3499984741211,68.33000183105469,12379043,0.0,0.0
2013-11-08 00:00:00-05:00,68.1500015258789,70.16000366210938,65.72100067138672,66.18000030517578,16414523,0.0,0.0
2013-11-15 00:00:00-05:00,66.25,69.87000274658203,65.91999816894531,69.37000274658203,10690384,0.0,0.0
2013-11-22 00:00:00-05:00,69.9800033569336,70.46530151367188,68.5199966430664,70.19999694824219,5331366,0.0,0.0
2013-11-29 00:00:00-05:00,70.26000213623047,72.22000122070312,69.19999694824219,70.62000274658203,8177567,0.0,0.0
2013-12-06 00:00:00-05:00,70.69999694824219,71.87999725341797,60.308998107910156,60.38999938964844,37754502,0.0,0.0
2013-12-13 00:00:00-05:00,59.88999938964844,60.290000915527344,57.35100173950195,58.77000045776367,27994129,0.0,0.0
2013-12-20 00:00:00-05:00,58.849998474121094,59.845001220703125,58.599998474121094,59.70000076293945,9590980,0.0,0.0
2013-12-27 00:00:00-05:00,59.90999984741211,60.25,58.40999984741211,58.59000015258789,8939824,0.0,0.0
2014-01-03 00:00:00-05:00,58.83000183105469,59.149898529052734,57.0099983215332,57.349998474121094,13781598,0.0,0.0
2014-01-10 00:00:00-05:00,58.349998474121094,59.84000015258789,48.5,48.790000915527344,44883698,0.0,0.0
2014-01-17 00:00:00-05:00,48.54999923706055,48.91999816894531,46.350101470947266,47.150001525878906,21163749,0.0,0.0
2014-01-24 00:00:00-05:00,46.79999923706055,48.16999816894531,45.400001525878906,46.81999969482422,19925259,0.0,0.0
2014-01-31 00:00:00-05:00,45.84000015258789,46.369998931884766,44.31999969482422,45.45000076293945,14608911,0.0,0.0
2014-02-07 00:00:00-05:00,46.790000915527344,50.790000915527344,46.52000045776367,50.09000015258789,20441458,0.0,0.0
2014-02-14 00:00:00-05:00,50.31999969482422,52.689998626708984,49.939998626708984,51.13999938964844,13958799,0.0,0.0
2014-02-21 00:00:00-05:00,51.34000015258789,53.38999938964844,50.45000076293945,52.90999984741211,11421815,0.0,0.0
2014-02-28 00:00:00-05:00,51.52000045776367,51.880001068115234,48.849998474121094,49.119998931884766,16264785,0.0,0.0
2014-03-07 00:00:00-05:00,49.56999969482422,50.20000076293945,46.43000030517578,46.77989959716797,13732153,0.0,0.0
2014-03-14 00:00:00-04:00,46.459999084472656,50.939998626708984,46.400001525878906,48.7400016784668,13977355,0.0,0.0
2014-03-21 00:00:00-04:00,48.72999954223633,52.97999954223633,47.4900016784668,51.20000076293945,28857567,0.0,0.0
2014-03-28 00:00:00-04:00,51.4900016784668,55.45000076293945,50.25,54.13999938964844,20544676,0.0,0.0
2014-04-04 00:00:00-04:00,54.849998474121094,55.18000030517578,51.63999938964844,52.56999969482422,14509062,0.0,0.0
2014-04-11 00:00:00-04:00,52.09000015258789,53.68000030517578,51.16999816894531,51.709999084472656,11170819,0.0,0.0
2014-04-18 00:00:00-04:00,51.709999084472656,51.709999084472656,46.70000076293945,47.099998474121094,17069483,0.0,0.0
2014-04-25 00:00:00-04:00,46.90999984741211,47.380001068115234,43.34000015258789,44.9900016784668,18320312,0.0,0.0
2014-05-02 00:00:00-04:00,45.09000015258789,45.900001525878906,42.279998779296875,43.209999084472656,11091007,0.0,0.0
2014-05-09 00:00:00-04:00,43.369998931884766,46.779998779296875,42.900001525878906,44.66999816894531,11245545,0.0,0.0
2014-05-16 00:00:00-04:00,44.5,45.95500183105469,44.2599983215332,45.150001525878906,5651776,0.0,0.0
2014-05-23 00:00:00-04:00,45.119998931884766,45.63999938964844,43.97999954223633,44.43000030517578,6585010,0.0,0.0
2014-05-30 00:00:00-04:00,44.72999954223633,45.0,42.619998931884766,42.869998931884766,13390794,0.0,0.0
2014-06-06 00:00:00-04:00,43.2599983215332,46.290000915527344,37.0,37.25,53686885,0.0,0.0
2014-06-13 00:00:00-04:00,37.209999084472656,40.470001220703125,36.2599983215332,40.27000045776367,33886760,0.0,0.0
2014-06-20 00:00:00-04:00,40.20000076293945,41.939998626708984,39.97999954223633,40.4900016784668,16655276,0.0,0.0
2014-06-27 00:00:00-04:00,40.34000015258789,43.709999084472656,39.52000045776367,42.599998474121094,13229866,0.0,0.0
2014-07-04 00:00:00-04:00,42.599998474121094,42.599998474121094,39.2599983215332,39.97999954223633,7846841,0.0,0.0
2014-07-11 00:00:00-04:00,39.790000915527344,40.380001068115234,37.7599983215332,37.97999954223633,11004382,0.0,0.0
2014-07-18 00:00:00-04:00,38.36000061035156,39.63999938964844,37.2599983215332,39.5099983215332,12446452,0.0,0.0
2014-07-25 00:00:00-04:00,39.130001068115234,39.970001220703125,38.40999984741211,38.46500015258789,8865928,0.0,0.0
2014-08-01 00:00:00-04:00,38.68000030517578,40.4900016784668,37.88999938964844,39.029998779296875,12485781,0.0,0.0
2014-08-08 00:00:00-04:00,40.0099983215332,40.70000076293945,38.290000915527344,38.75,13926259,0.0,0.0
2014-08-15 00:00:00-04:00,38.720001220703125,40.25,37.900001525878906,39.79999923706055,9803803,0.0,0.0
2014-08-22 00:00:00-04:00,39.91999816894531,42.13999938964844,39.5,40.59000015258789,9761837,0.0,0.0
2014-08-29 00:00:00-04:00,40.630001068115234,40.630001068115234,38.970001220703125,39.040000915527344,9072757,0.0,0.0
2014-09-05 00:00:00-04:00,38.849998474121094,45.4900016784668,37.810001373291016,43.72999954223633,40463784,0.0,0.0
2014-09-12 00:00:00-04:00,43.68000030517578,45.5,43.16999816894531,44.29999923706055,20082547,0.0,0.0
2014-09-19 00:00:00-04:00,44.5099983215332,44.77000045776367,41.52009963989258,42.22999954223633,12214386,0.0,0.0
2014-09-26 00:00:00-04:00,42.2400016784668,43.130001068115234,40.0703010559082,42.36000061035156,12538691,0.0,0.0
2014-10-03 00:00:00-04:00,42.5,43.0,40.650001525878906,41.06999969482422,8440871,0.0,0.0
2014-10-10 00:00:00-04:00,40.959999084472656,41.33000183105469,37.86000061035156,40.0,12741082,0.0,0.0
2014-10-17 00:00:00-04:00,40.0,42.369998931884766,38.66999816894531,41.40999984741211,8601418,0.0,0.0
2014-10-24 00:00:00-04:00,41.400001525878906,42.060001373291016,40.369998931884766,41.68000030517578,5545868,0.0,0.0
2014-10-31 00:00:00-04:00,41.93000030517578,42.9900016784668,40.869998931884766,42.779998779296875,6273745,0.0,0.0
2014-11-07 00:00:00-05:00,42.75,46.25,42.36090087890625,45.189998626708984,12130869,0.0,0.0
2014-11-14 00:00:00-05:00,44.25,47.18000030517578,44.150001525878906,45.880001068115234,11069249,0.0,0.0
2014-11-21 00:00:00-05:00,46.52009963989258,49.34000015258789,45.939998626708984,48.34000015258789,13251487,0.0,0.0
2014-11-28 00:00:00-05:00,48.63999938964844,48.93000030517578,45.38999938964844,45.91999816894531,11825939,0.0,0.0
2014-12-05 00:00:00-05:00,45.959999084472656,52.16999816894531,44.36000061035156,50.95500183105469,35749765,0.0,0.0
2014-12-12 00:00:00-05:00,51.09000015258789,54.40999984741211,50.93000030517578,53.150001525878906,21787092,0.0,0.0
2014-12-19 00:00:00-05:00,52.94499969482422,55.15999984741211,52.54100036621094,54.400001525878906,7045848,0.0,0.0
2014-12-26 00:00:00-05:00,54.43000030517578,56.93000030517578,54.310001373291016,55.790000915527344,6927179,0.0,0.0
2015-01-02 00:00:00-05:00,56.16999816894531,59.649898529052734,54.41999816894531,59.06999969482422,18479794,0.0,0.0
2015-01-09 00:00:00-05:00,58.849998474121094,64.2699966430664,57.849998474121094,62.5099983215332,22054517,0.0,0.0
2015-01-16 00:00:00-05:00,62.25,64.27999877929688,61.36000061035156,63.7599983215332,7786209,0.0,0.0
2015-01-23 00:00:00-05:00,65.77999877929688,67.70999908447266,65.18000030517578,67.19499969482422,12363907,0.0,0.0
2015-01-30 00:00:00-05:00,66.9000015258789,67.03500366210938,64.83000183105469,65.29000091552734,10362019,0.0,0.0
2015-02-06 00:00:00-05:00,65.2699966430664,66.4000015258789,64.04000091552734,66.04000091552734,6367172,0.0,0.0
2015-02-13 00:00:00-05:00,66.05010223388672,67.9000015258789,64.8499984741211,66.88999938964844,4649289,0.0,0.0
2015-02-20 00:00:00-05:00,67.12000274658203,67.69000244140625,65.77010345458984,66.4800033569336,5520641,0.0,0.0
2015-02-27 00:00:00-05:00,66.7300033569336,68.98999786376953,64.7300033569336,64.84500122070312,9157412,0.0,0.0
2015-03-06 00:00:00-05:00,62.15999984741211,63.220001220703125,60.54999923706055,62.814998626708984,11304531,0.0,0.0
2015-03-13 00:00:00-04:00,63.18000030517578,64.63999938964844,62.709999084472656,64.4000015258789,6180494,0.0,0.0
2015-03-20 00:00:00-04:00,64.45999908447266,66.88999938964844,60.689998626708984,63.96500015258789,22893130,0.0,0.0
2015-03-27 00:00:00-04:00,63.849998474121094,65.8499984741211,62.619998931884766,63.345001220703125,9330648,0.0,0.0
2015-04-03 00:00:00-04:00,63.345001220703125,69.94000244140625,63.345001220703125,69.7699966430664,12471415,0.0,0.0
2015-04-10 00:00:00-04:00,69.75,70.0,66.93000030517578,67.5,7048879,0.0,0.0
2015-04-17 00:00:00-04:00,66.91000366210938,67.18150329589844,65.3499984741211,66.4800033569336,5068510,0.0,0.0
2015-04-24 00:00:00-04:00,66.20999908447266,67.66000366210938,63.54999923706055,63.63999938964844,6361506,0.0,0.0
2015-05-01 00:00:00-04:00,63.68000030517578,66.0,63.40999984741211,65.30999755859375,8009089,0.0,0.0
2015-05-08 00:00:00-04:00,65.44999694824219,66.27999877929688,63.58000183105469,65.19999694824219,5527801,0.0,0.0
2015-05-15 00:00:00-04:00,65.44999694824219,65.55999755859375,60.06999969482422,60.5,10358978,0.0,0.0
2015-05-22 00:00:00-04:00,60.51499938964844,61.75,59.29999923706055,61.22999954223633,8203083,0.0,0.0
2015-05-29 00:00:00-04:00,61.189998626708984,61.84000015258789,58.25,61.349998474121094,12446696,0.0,0.0
2015-06-05 00:00:00-04:00,61.95000076293945,68.62000274658203,60.779998779296875,66.06999969482422,35323962,0.0,0.0
2015-06-12 00:00:00-04:00,65.54000091552734,67.63999938964844,65.51000213623047,66.61000061035156,8211900,0.0,0.0
2015-06-19 00:00:00-04:00,66.05000305175781,68.87999725341797,65.69999694824219,67.55999755859375,12249481,0.0,0.0
2015-06-26 00:00:00-04:00,67.33999633789062,68.4800033569336,63.95000076293945,65.17500305175781,16223561,0.0,0.0
2015-07-03 00:00:00-04:00,65.17500305175781,65.94000244140625,62.38999938964844,62.459999084472656,7603256,0.0,0.0
2015-07-10 00:00:00-04:00,63.22999954223633,64.4800033569336,62.16999816894531,62.779998779296875,7330978,0.0,0.0
2015-07-17 00:00:00-04:00,62.900001525878906,64.81999969482422,61.900001525878906,62.0,7082031,0.0,0.0
2015-07-24 00:00:00-04:00,62.06999969482422,63.86000061035156,59.86000061035156,63.06999969482422,9220883,0.0,0.0
2015-07-31 00:00:00-04:00,63.290000915527344,63.57500076293945,61.130001068115234,62.27000045776367,7635989,0.0,0.0
2015-08-07 00:00:00-04:00,62.15999984741211,64.94999694824219,61.34000015258789,64.5,7890383,0.0,0.0
2015-08-14 00:00:00-04:00,64.2699966430664,66.9800033569336,62.79999923706055,62.959999084472656,7689104,0.0,0.0
2015-08-21 00:00:00-04:00,62.369998931884766,63.70000076293945,55.15999984741211,62.63999938964844,12833420,0.0,0.0
2015-08-28 00:00:00-04:00,62.619998931884766,66.87899780273438,61.970001220703125,64.94999694824219,11670654,0.0,0.0
2015-09-04 00:00:00-04:00,64.58999633789062,66.98999786376953,52.880001068115234,53.540000915527344,41560123,0.0,0.0
2015-09-11 00:00:00-04:00,54.599998474121094,55.349998474121094,51.959999084472656,53.83000183105469,31934883,0.0,0.0
2015-09-18 00:00:00-04:00,53.36000061035156,55.77000045776367,51.97999954223633,52.849998474121094,18271652,0.0,0.0
2015-09-25 00:00:00-04:00,53.869998931884766,54.470001220703125,49.45000076293945,50.279998779296875,14454405,0.0,0.0
2015-10-02 00:00:00-04:00,49.81999969482422,54.63999938964844,49.13999938964844,54.209999084472656,14526466,0.0,0.0
2015-10-09 00:00:00-04:00,54.5,54.54999923706055,50.79999923706055,52.52000045776367,9758981,0.0,0.0
2015-10-16 00:00:00-04:00,54.08000183105469,54.928001403808594,50.0099983215332,52.33000183105469,15742797,0.0,0.0
2015-10-23 00:00:00-04:00,52.31999969482422,52.630001068115234,47.38999938964844,48.790000915527344,18257700,0.0,0.0
2015-10-30 00:00:00-04:00,48.689998626708984,52.689998626708984,48.15999984741211,52.08000183105469,13463943,0.0,0.0
2015-11-06 00:00:00-05:00,52.189998626708984,53.150001525878906,47.08000183105469,48.15999984741211,12001576,0.0,0.0
2015-11-13 00:00:00-05:00,47.29999923706055,49.0,43.13999938964844,47.33000183105469,19175498,0.0,0.0
2015-11-20 00:00:00-05:00,47.90999984741211,53.720001220703125,47.7400016784668,52.95000076293945,17225347,0.0,0.0
2015-11-27 00:00:00-05:00,52.849998474121094,52.880001068115234,47.540000915527344,49.119998931884766,19384904,0.0,0.0
2015-12-04 00:00:00-05:00,49.0,52.38999938964844,44.619998931884766,45.95000076293945,41108194,0.0,0.0
2015-12-11 00:00:00-05:00,45.38999938964844,51.2400016784668,45.099998474121094,50.0,18066622,0.0,0.0
2015-12-18 00:00:00-05:00,49.75,53.959999084472656,49.04999923706055,53.189998626708984,10724117,0.0,0.0
2015-12-25 00:00:00-05:00,53.189998626708984,54.150001525878906,51.34000015258789,52.470001220703125,7603385,0.0,0.0
2016-01-01 00:00:00-05:00,52.470001220703125,56.66999816894531,52.470001220703125,54.790000915527344,17210627,0.0,0.0
2016-01-08 00:00:00-05:00,55.43000030517578,61.29999923706055,52.709999084472656,56.630001068115234,26513398,0.0,0.0
2016-01-15 00:00:00-05:00,55.18000030517578,59.029998779296875,52.900001525878906,57.09000015258789,14072928,0.0,0.0
2016-01-22 00:00:00-05:00,57.91999816894531,60.66999816894531,56.150001525878906,59.599998474121094,12464107,0.0,0.0
2016-01-29 00:00:00-05:00,59.5,63.5,59.5,62.630001068115234,14580447,0.0,0.0
2016-02-05 00:00:00-05:00,62.380001068115234,63.130001068115234,54.599998474121094,57.220001220703125,15643572,0.0,0.0
2016-02-12 00:00:00-05:00,57.61000061035156,61.43000030517578,56.560001373291016,60.65999984741211,6331396,0.0,0.0
2016-02-19 00:00:00-05:00,60.15999984741211,62.79999923706055,58.150001525878906,61.349998474121094,9326871,0.0,0.0
2016-02-26 00:00:00-05:00,61.65999984741211,63.66999816894531,60.810001373291016,61.779998779296875,9613228,0.0,0.0
2016-03-04 00:00:00-05:00,61.84000015258789,63.68000030517578,60.78099822998047,63.22999954223633,7503730,0.0,0.0
2016-03-11 00:00:00-05:00,63.52000045776367,64.98999786376953,61.5,62.79999923706055,8836802,0.0,0.0
2016-03-18 00:00:00-04:00,62.5,63.41999816894531,58.7599983215332,60.88999938964844,9257943,0.0,0.0
2016-03-25 00:00:00-04:00,60.88999938964844,68.5,60.02000045776367,67.70999908447266,20594635,0.0,0.0
2016-04-01 00:00:00-04:00,66.97000122070312,69.7300033569336,64.58999633789062,64.98999786376953,12070275,0.0,0.0
2016-04-08 00:00:00-04:00,65.27999877929688,65.41000366210938,60.38999938964844,64.19999694824219,13057285,0.0,0.0
2016-04-15 00:00:00-04:00,63.880001068115234,68.23999786376953,63.599998474121094,66.51000213623047,9208588,0.0,0.0
2016-04-22 00:00:00-04:00,66.54000091552734,66.84989929199219,65.06999969482422,65.56999969482422,5809262,0.0,0.0
2016-04-29 00:00:00-04:00,65.54000091552734,67.08000183105469,63.040000915527344,63.40999984741211,7574167,0.0,0.0
2016-05-06 00:00:00-04:00,63.31999969482422,64.4520034790039,60.81999969482422,61.619998931884766,10612449,0.0,0.0
2016-05-13 00:00:00-04:00,61.5099983215332,62.560001373291016,59.66999816894531,61.099998474121094,9067357,0.0,0.0
2016-05-20 00:00:00-04:00,61.22999954223633,63.619998931884766,61.0099983215332,63.13999938964844,6886197,0.0,0.0
2016-05-27 00:00:00-04:00,63.45000076293945,67.3499984741211,63.0,67.12999725341797,9021453,0.0,0.0
2016-06-03 00:00:00-04:00,67.48989868164062,72.54000091552734,66.69999694824219,72.31999969482422,24719750,0.0,0.0
2016-06-10 00:00:00-04:00,71.2699966430664,71.88999938964844,69.26000213623047,71.79000091552734,11233293,0.0,0.0
2016-06-17 00:00:00-04:00,71.7300033569336,73.22000122070312,71.1500015258789,71.81999969482422,6944241,0.0,0.0
2016-06-24 00:00:00-04:00,70.08000183105469,73.86000061035156,67.08000183105469,73.86000061035156,13318293,0.0,0.0
2016-07-01 00:00:00-04:00,73.87999725341797,75.25,72.88999938964844,75.19999694824219,5231515,0.0,0.0
2016-07-08 00:00:00-04:00,75.5,77.95999908447266,75.23999786376953,77.41999816894531,6466393,0.0,0.0
2016-07-15 00:00:00-04:00,77.5,78.4000015258789,75.79000091552734,76.55000305175781,7050612,0.0,0.0
2016-07-22 00:00:00-04:00,76.5,78.5,75.72000122070312,77.37999725341797,5706386,0.0,0.0
2016-07-29 00:00:00-04:00,77.5,78.79000091552734,72.86000061035156,77.41000366210938,7086654,0.0,0.0
2016-08-05 00:00:00-04:00,78.05000305175781,80.19000244140625,77.12999725341797,79.72000122070312,4382596,0.0,0.0
2016-08-12 00:00:00-04:00,79.72000122070312,80.88999938964844,77.80999755859375,80.08999633789062,5512718,0.0,0.0
2016-08-19 00:00:00-04:00,80.16000366210938,81.80999755859375,79.75,80.58999633789062,5855573,0.0,0.0
2016-08-26 00:00:00-04:00,80.3499984741211,81.23999786376953,75.12000274658203,76.66000366210938,17106709,0.0,0.0
2016-09-02 00:00:00-04:00,70.58000183105469,71.6500015258789,65.94999694824219,66.08000183105469,29947363,0.0,0.0
2016-09-09 00:00:00-04:00,65.58999633789062,67.4000015258789,64.3499984741211,66.05000305175781,12602878,0.0,0.0
2016-09-16 00:00:00-04:00,66.31999969482422,66.66999816894531,64.48999786376953,65.7300033569336,7523134,0.0,0.0
2016-09-23 00:00:00-04:00,65.7300033569336,65.95999908447266,60.939998626708984,60.9900016784668,10357641,0.0,0.0
2016-09-30 00:00:00-04:00,60.959999084472656,62.43000030517578,58.459999084472656,58.52000045776367,14651671,0.0,0.0
2016-10-07 00:00:00-04:00,58.5099983215332,59.09000015258789,56.470001220703125,57.599998474121094,10556953,0.0,0.0
2016-10-14 00:00:00-04:00,57.70000076293945,58.880001068115234,54.869998931884766,57.77000045776367,15741740,0.0,0.0
2016-10-21 00:00:00-04:00,57.189998626708984,57.869998931884766,54.0,57.220001220703125,13714075,0.0,0.0
2016-10-28 00:00:00-04:00,57.45000076293945,59.0,55.02000045776367,55.11000061035156,9652894,0.0,0.0
2016-11-04 00:00:00-04:00,55.369998931884766,58.849998474121094,54.650001525878906,57.060001373291016,8803664,0.0,0.0
2016-11-11 00:00:00-05:00,57.06999969482422,58.51900100708008,55.130001068115234,57.540000915527344,7117206,0.0,0.0
2016-11-18 00:00:00-05:00,57.56999969482422,58.97999954223633,54.5,57.90999984741211,9578974,0.0,0.0
2016-11-25 00:00:00-05:00,58.439998626708984,59.47999954223633,56.45000076293945,56.529998779296875,8375514,0.0,0.0
2016-12-02 00:00:00-05:00,54.75,72.69999694824219,54.27000045776367,68.83999633789062,33509810,0.0,0.0
2016-12-09 00:00:00-05:00,68.83999633789062,70.73999786376953,66.91999816894531,67.30999755859375,11834202,0.0,0.0
2016-12-16 00:00:00-05:00,67.18000030517578,68.0,64.41999816894531,64.58000183105469,8283572,0.0,0.0
2016-12-23 00:00:00-05:00,64.61000061035156,65.36669921875,63.650001525878906,64.38999938964844,3359393,0.0,0.0
2016-12-30 00:00:00-05:00,64.66999816894531,69.98999786376953,64.43000030517578,68.7300033569336,11708210,0.0,0.0
2017-01-06 00:00:00-05:00,68.73999786376953,70.5,67.1500015258789,68.62000274658203,10529138,0.0,0.0
2017-01-13 00:00:00-05:00,68.9000015258789,69.27999877929688,66.63999938964844,66.98999786376953,4487032,0.0,0.0
2017-01-20 00:00:00-05:00,67.30999755859375,69.04000091552734,66.01000213623047,67.63999938964844,5409045,0.0,0.0
2017-01-27 00:00:00-05:00,67.73999786376953,67.88999938964844,65.08999633789062,66.5199966430664,6174898,0.0,0.0
2017-02-03 00:00:00-05:00,65.66999816894531,67.9000015258789,65.5,67.0,5315192,0.0,0.0
2017-02-10 00:00:00-05:00,67.55999755859375,68.2300033569336,65.37999725341797,65.97000122070312,6193091,0.0,0.0
2017-02-17 00:00:00-05:00,65.88999938964844,67.37999725341797,64.80999755859375,64.83999633789062,4298539,0.0,0.0
2017-02-24 00:00:00-05:00,64.55000305175781,66.97000122070312,64.01000213623047,66.52999877929688,6693776,0.0,0.0
2017-03-03 00:00:00-05:00,66.37000274658203,66.55999755859375,64.69999694824219,65.0,7363279,0.0,0.0
2017-03-10 00:00:00-05:00,65.0999984741211,65.7699966430664,62.779998779296875,63.84000015258789,6497712,0.0,0.0
2017-03-17 00:00:00-04:00,64.23999786376953,64.31999969482422,61.680999755859375,63.08000183105469,10486954,0.0,0.0
2017-03-24 00:00:00-04:00,63.0099983215332,66.33999633789062,50.5,50.7599983215332,65723377,0.0,0.0
2017-03-31 00:00:00-04:00,51.22999954223633,52.18000030517578,49.40010070800781,50.779998779296875,40472227,0.0,0.0
2017-04-07 00:00:00-04:00,50.869998931884766,53.345001220703125,50.505001068115234,51.220001220703125,21721281,0.0,0.0
2017-04-14 00:00:00-04:00,51.220001220703125,54.0,51.220001220703125,53.61000061035156,14081985,0.0,0.0
2017-04-21 00:00:00-04:00,53.65999984741211,53.959999084472656,51.88999938964844,52.77000045776367,14601565,0.0,0.0
2017-04-28 00:00:00-04:00,52.810001373291016,52.880001068115234,51.380001068115234,51.7400016784668,12018059,0.0,0.0
2017-05-05 00:00:00-04:00,51.93000030517578,55.63999938964844,51.16999816894531,54.619998931884766,15396394,0.0,0.0
2017-05-12 00:00:00-04:00,54.47999954223633,54.52000045776367,48.61000061035156,49.22999954223633,16597466,0.0,0.0
2017-05-19 00:00:00-04:00,49.349998474121094,50.119998931884766,48.099998474121094,48.689998626708984,14103439,0.0,0.0
2017-05-26 00:00:00-04:00,48.52000045776367,49.20000076293945,47.2599983215332,48.66999816894531,19317918,0.0,0.0
2017-06-02 00:00:00-04:00,56.40999984741211,56.849998474121094,51.52000045776367,51.720001220703125,37216283,0.0,0.0
2017-06-09 00:00:00-04:00,51.66999816894531,53.91999816894531,51.29999923706055,53.130001068115234,12251447,0.0,0.0
2017-06-16 00:00:00-04:00,52.970001220703125,54.43000030517578,52.30500030517578,54.25,10642179,0.0,0.0
2017-06-23 00:00:00-04:00,54.470001220703125,59.439998626708984,54.09000015258789,59.099998474121094,17882160,0.0,0.0
2017-06-30 00:00:00-04:00,59.5,60.60499954223633,57.619998931884766,57.970001220703125,8809310,0.0,0.0
2017-07-07 00:00:00-04:00,58.38999938964844,59.689998626708984,57.5099983215332,59.33000183105469,6810457,0.0,0.0
2017-07-14 00:00:00-04:00,59.61000061035156,61.599998474121094,59.150001525878906,61.11000061035156,7540804,0.0,0.0
2017-07-21 00:00:00-04:00,61.029998779296875,62.2599983215332,60.41999816894531,61.470001220703125,9361326,0.0,0.0
2017-07-28 00:00:00-04:00,61.380001068115234,62.20000076293945,60.40999984741211,60.5,6499930,0.0,0.0
2017-08-04 00:00:00-04:00,60.779998779296875,63.86000061035156,60.099998474121094,60.25,6561732,0.0,0.0
2017-08-11 00:00:00-04:00,59.189998626708984,60.900001525878906,58.45000076293945,58.959999084472656,8500238,0.0,0.0
2017-08-18 00:00:00-04:00,58.439998626708984,61.47999954223633,57.61000061035156,60.02000045776367,10508102,0.0,0.0
2017-08-25 00:00:00-04:00,60.220001220703125,61.11000061035156,56.560001373291016,57.54999923706055,18059869,0.0,0.0
2017-09-01 00:00:00-04:00,61.220001220703125,62.58000183105469,60.375,61.29999923706055,5955550,0.0,0.0
2017-09-08 00:00:00-04:00,61.02000045776367,63.08000183105469,59.790000915527344,61.119998931884766,9532612,0.0,0.0
2017-09-15 00:00:00-04:00,61.22999954223633,61.375,58.0,58.599998474121094,10240136,0.0,0.0
2017-09-22 00:00:00-04:00,57.900001525878906,60.939998626708984,57.189998626708984,60.27000045776367,10080799,0.0,0.0
2017-09-29 00:00:00-04:00,60.5,63.345001220703125,60.130001068115234,61.7599983215332,8366930,0.0,0.0
2017-10-06 00:00:00-04:00,61.7400016784668,63.400001525878906,60.189998626708984,60.5,9430931,0.0,0.0
2017-10-13 00:00:00-04:00,60.41999816894531,61.400001525878906,57.400001525878906,60.09000015258789,14458999,0.0,0.0
2017-10-20 00:00:00-04:00,61.47999954223633,64.80999755859375,60.529998779296875,62.0099983215332,12398048,0.0,0.0
2017-10-27 00:00:00-04:00,61.81999969482422,62.970001220703125,60.52000045776367,60.7599983215332,5729795,0.0,0.0
2017-11-03 00:00:00-04:00,61.02000045776367,64.30000305175781,59.93000030517578,64.01000213623047,6572576,0.0,0.0
2017-11-10 00:00:00-05:00,63.91999816894531,65.97000122070312,63.54999923706055,65.70999908447266,6347873,0.0,0.0
2017-11-17 00:00:00-05:00,66.29000091552734,67.43000030517578,65.80000305175781,66.80000305175781,4312230,0.0,0.0
2017-11-24 00:00:00-05:00,67.01000213623047,68.58999633789062,65.91000366210938,66.95999908447266,8081465,0.0,0.0
2017-12-01 00:00:00-05:00,66.77999877929688,73.83999633789062,65.30000305175781,72.01000213623047,20501715,0.0,0.0
2017-12-08 00:00:00-05:00,72.4800033569336,75.94989776611328,72.12999725341797,74.77999877929688,9798971,0.0,0.0
2017-12-15 00:00:00-05:00,75.30000305175781,78.0,74.88999938964844,77.73999786376953,8018719,0.0,0.0
2017-12-22 00:00:00-05:00,77.72000122070312,80.0999984741211,76.95999908447266,79.61000061035156,4330183,0.0,0.0
2017-12-29 00:00:00-05:00,79.63999938964844,80.2699966430664,77.30999755859375,79.8499984741211,7194861,0.0,0.0
2018-01-05 00:00:00-05:00,80.0,81.91999816894531,77.44000244140625,78.98999786376953,8173030,0.0,0.0
2018-01-12 00:00:00-05:00,79.66999816894531,79.66999816894531,76.44999694824219,77.56999969482422,5134894,0.0,0.0
2018-01-19 00:00:00-05:00,77.7300033569336,79.95999908447266,77.66999816894531,78.62000274658203,5192884,0.0,0.0
2018-01-26 00:00:00-05:00,78.62000274658203,80.63999938964844,77.01000213623047,78.80999755859375,5046301,0.0,0.0
2018-02-02 00:00:00-05:00,78.79000091552734,83.30999755859375,74.9000015258789,76.66999816894531,13443112,0.0,0.0
2018-02-09 00:00:00-05:00,77.51000213623047,81.82859802246094,75.43000030517578,80.91999816894531,14668637,0.0,0.0
2018-02-16 00:00:00-05:00,80.8499984741211,82.63999938964844,80.16999816894531,80.83000183105469,5897828,0.0,0.0
2018-02-23 00:00:00-05:00,81.30000305175781,83.58999633789062,79.80999755859375,81.04000091552734,6845323,0.0,0.0
2018-03-02 00:00:00-05:00,79.77999877929688,83.9800033569336,79.36000061035156,80.75,7735544,0.0,0.0
2018-03-09 00:00:00-05:00,81.18000030517578,82.01000213623047,78.66000366210938,79.61000061035156,7846603,0.0,0.0
2018-03-16 00:00:00-04:00,79.47000122070312,81.86990356445312,79.47000122070312,81.0999984741211,6907117,0.0,0.0
2018-03-23 00:00:00-04:00,81.0999984741211,89.54000091552734,77.97000122070312,89.12000274658203,24349635,0.0,0.0
2018-03-30 00:00:00-04:00,89.12000274658203,91.44000244140625,86.6500015258789,91.2699966430664,10951286,0.0,0.0
2018-04-06 00:00:00-04:00,91.08000183105469,92.12999725341797,88.69000244140625,92.0199966430664,8642411,0.0,0.0
2018-04-13 00:00:00-04:00,92.33000183105469,95.66000366210938,91.19200134277344,95.29000091552734,10135424,0.0,0.0
2018-04-20 00:00:00-04:00,95.30999755859375,98.80999755859375,94.19999694824219,98.41999816894531,10100788,0.0,0.0
2018-04-27 00:00:00-04:00,98.54000091552734,100.7300033569336,98.30999755859375,99.86000061035156,7519874,0.0,0.0
2018-05-04 00:00:00-04:00,99.48999786376953,99.6500015258789,95.38999938964844,97.91000366210938,9312487,0.0,0.0
2018-05-11 00:00:00-04:00,97.7699966430664,103.04000091552734,97.55400085449219,102.0,6091594,0.0,0.0
2018-05-18 00:00:00-04:00,101.5,106.68000030517578,101.5,106.41000366210938,9779459,0.0,0.0
2018-05-25 00:00:00-04:00,107.04000091552734,107.67569732666016,103.80000305175781,105.05000305175781,11526176,0.0,0.0
2018-06-01 00:00:00-04:00,113.94999694824219,126.85310363769531,113.19999694824219,122.69999694824219,26037016,0.0,0.0
2018-06-08 00:00:00-04:00,121.47000122070312,127.34400177001953,120.55000305175781,125.87999725341797,13482810,0.0,0.0
2018-06-15 00:00:00-04:00,124.20999908447266,129.7899932861328,123.55000305175781,127.70999908447266,8564943,0.0,0.0
2018-06-22 00:00:00-04:00,128.60000610351562,128.60000610351562,122.47000122070312,124.94000244140625,9763325,0.0,0.0
2018-06-29 00:00:00-04:00,126.23999786376953,127.48899841308594,123.2300033569336,124.5199966430664,5134488,0.0,0.0
2018-07-06 00:00:00-04:00,124.7300033569336,130.49000549316406,124.5,125.72000122070312,7174582,0.0,0.0
2018-07-13 00:00:00-04:00,125.94000244140625,130.4073028564453,124.79000091552734,127.79000091552734,6435016,0.0,0.0
2018-07-20 00:00:00-04:00,127.5999984741211,128.89999389648438,122.4000015258789,124.48999786376953,6736826,0.0,0.0
2018-07-27 00:00:00-04:00,124.41999816894531,125.22000122070312,117.65499877929688,124.38999938964844,7915018,0.0,0.0
2018-08-03 00:00:00-04:00,124.3499984741211,128.69000244140625,124.3499984741211,128.16000366210938,7153776,0.0,0.0
2018-08-10 00:00:00-04:00,127.4800033569336,131.8800048828125,125.05999755859375,129.47000122070312,8186154,0.0,0.0
2018-08-17 00:00:00-04:00,130.25,139.63999938964844,129.07989501953125,136.1999969482422,7691168,0.0,0.0
2018-08-24 00:00:00-04:00,137.14999389648438,140.41619873046875,135.0800018310547,137.0,11709352,0.0,0.0
2018-08-31 00:00:00-04:00,153.3000030517578,160.0,150.77999877929688,151.0,23774795,0.0,0.0
2018-09-07 00:00:00-04:00,150.74000549316406,155.25,150.58999633789062,154.60000610351562,7552694,0.0,0.0
2018-09-14 00:00:00-04:00,154.72999572753906,160.67999267578125,152.47000122070312,155.97000122070312,8110336,0.0,0.0
2018-09-21 00:00:00-04:00,156.58999633789062,161.5,154.6300048828125,161.24000549316406,7180787,0.0,0.0
2018-09-28 00:00:00-04:00,161.25,164.7899932861328,156.3300018310547,157.0399932861328,6597251,0.0,0.0
2018-10-05 00:00:00-04:00,156.69000244140625,158.33999633789062,137.67999267578125,140.50999450683594,11178154,0.0,0.0
2018-10-12 00:00:00-04:00,145.52999877929688,147.77000427246094,140.9199981689453,142.67999267578125,10049828,0.0,0.0
2018-10-19 00:00:00-04:00,143.47999572753906,144.10000610351562,133.1300048828125,137.22000122070312,9510448,0.0,0.0
2018-10-26 00:00:00-04:00,134.49000549316406,146.60000610351562,133.13999938964844,144.1699981689453,9586064,0.0,0.0
2018-11-02 00:00:00-04:00,145.3699951171875,145.4499969482422,139.14999389648438,142.27000427246094,7639947,0.0,0.0
2018-11-09 00:00:00-05:00,141.38999938964844,144.07000732421875,134.64999389648438,139.8300018310547,9741194,0.0,0.0
2018-11-16 00:00:00-05:00,138.0800018310547,138.0800018310547,118.5199966430664,123.87999725341797,9424302,0.0,0.0
2018-11-23 00:00:00-05:00,122.5,130.4375,120.61000061035156,129.4600067138672,9928827,0.0,0.0
2018-11-30 00:00:00-05:00,129.25,140.0800018310547,126.55760192871094,131.44000244140625,15181461,0.0,0.0
2018-12-07 00:00:00-05:00,132.0,136.25999450683594,112.3655014038086,120.19999694824219,24309123,0.0,0.0
2018-12-14 00:00:00-05:00,118.43000030517578,122.41000366210938,111.33999633789062,115.01000213623047,16595481,0.0,0.0
2018-12-21 00:00:00-05:00,116.76000213623047,124.18000030517578,110.70999908447266,123.33999633789062,11555396,0.0,0.0
2018-12-28 00:00:00-05:00,124.4000015258789,126.12000274658203,118.27999877929688,124.36000061035156,8596375,0.0,0.0
2019-01-04 00:00:00-05:00,125.8499984741211,137.50999450683594,125.30999755859375,131.61000061035156,14109180,0.0,0.0
2019-01-11 00:00:00-05:00,130.97000122070312,146.0399932861328,130.57000732421875,145.13999938964844,17516986,0.0,0.0
2019-01-18 00:00:00-05:00,147.52000427246094,152.17999267578125,147.07000732421875,148.42999267578125,8741606,0.0,0.0
2019-01-25 00:00:00-05:00,150.0,152.81039428710938,146.30999755859375,147.80999755859375,8343359,0.0,0.0
2019-02-01 00:00:00-05:00,147.4499969482422,151.57000732421875,143.05999755859375,147.6300048828125,8834312,0.0,0.0
2019-02-08 00:00:00-05:00,147.1300048828125,158.6699981689453,147.0,154.85000610351562,10193137,0.0,0.0
2019-02-15 00:00:00-05:00,155.60000610351562,156.22999572753906,145.52999877929688,148.11000061035156,6751955,0.0,0.0
2019-02-22 00:00:00-05:00,148.6999969482422,152.14999389648438,147.5,150.4199981689453,6033619,0.0,0.0
2019-03-01 00:00:00-05:00,152.55999755859375,153.9499969482422,146.4154052734375,147.6999969482422,6375723,0.0,0.0
2019-03-08 00:00:00-05:00,146.00999450683594,147.7100067138672,141.00999450683594,144.17999267578125,10555946,0.0,0.0
2019-03-15 00:00:00-04:00,145.22999572753906,149.5500030517578,141.50999450683594,148.91000366210938,7956414,0.0,0.0
2019-03-22 00:00:00-04:00,145.72999572753906,171.4499969482422,141.33999633789062,167.5399932861328,28418053,0.0,0.0
2019-03-29 00:00:00-04:00,165.91000366210938,171.69000244140625,162.9499969482422,171.3699951171875,18045216,0.0,0.0
2019-04-05 00:00:00-04:00,172.0399932861328,172.89999389648438,165.52999877929688,168.0,9546729,0.0,0.0
2019-04-12 00:00:00-04:00,168.5,174.63999938964844,167.5,173.30999755859375,9726483,0.0,0.0
2019-04-19 00:00:00-04:00,173.30999755859375,179.4949951171875,172.0399932861328,177.2899932861328,7860903,0.0,0.0
2019-04-26 00:00:00-04:00,177.75,178.85000610351562,174.80999755859375,176.5500030517578,7329615,0.0,0.0
2019-05-03 00:00:00-04:00,176.83999633789062,178.97999572753906,171.27999877929688,173.7100067138672,6002107,0.0,0.0
2019-05-10 00:00:00-04:00,173.50999450683594,177.05999755859375,166.22000122070312,176.8000030517578,7378182,0.0,0.0
2019-05-17 00:00:00-04:00,176.49000549316406,177.27000427246094,169.99000549316406,170.1999969482422,6631437,0.0,0.0
2019-05-24 00:00:00-04:00,171.1699981689453,176.0399932861328,160.8800048828125,163.85000610351562,10504389,0.0,0.0
2019-05-31 00:00:00-04:00,161.0500030517578,173.82000732421875,160.88380432128906,170.3800048828125,8072478,0.0,0.0
2019-06-07 00:00:00-04:00,171.66000366210938,182.88999938964844,169.2899932861328,174.52000427246094,22287924,0.0,0.0
2019-06-14 00:00:00-04:00,173.0399932861328,190.52000427246094,171.60479736328125,186.5,14850810,0.0,0.0
2019-06-21 00:00:00-04:00,184.60000610351562,184.8000030517578,175.1699981689453,180.11000061035156,12232973,0.0,0.0
2019-06-28 00:00:00-04:00,181.0,184.47000122070312,178.64999389648438,183.99000549316406,7902283,0.0,0.0
2019-07-05 00:00:00-04:00,183.1999969482422,187.32000732421875,180.6999969482422,183.07000732421875,8429377,0.0,0.0
2019-07-12 00:00:00-04:00,185.0,191.44000244140625,184.610107421875,189.38999938964844,8415463,0.0,0.0
2019-07-19 00:00:00-04:00,190.10000610351562,193.7100067138672,186.0800018310547,191.2100067138672,5048850,0.0,0.0
2019-07-26 00:00:00-04:00,192.25,194.25,184.07000732421875,185.4499969482422,5735425,0.0,0.0
2019-08-02 00:00:00-04:00,184.60000610351562,186.8800048828125,172.1199951171875,186.35000610351562,8164607,0.0,0.0
2019-08-09 00:00:00-04:00,185.35000610351562,186.0,172.4355010986328,175.44000244140625,6517663,0.0,0.0
2019-08-16 00:00:00-04:00,177.50999450683594,185.1199951171875,176.17999267578125,183.97000122070312,5260313,0.0,0.0
2019-08-23 00:00:00-04:00,183.0,187.1999053955078,178.52999877929688,186.05999755859375,6207675,0.0,0.0
2019-08-30 00:00:00-04:00,187.47999572753906,188.9499969482422,178.25999450683594,188.41000366210938,11829932,0.0,0.0
2019-09-06 00:00:00-04:00,197.7899932861328,204.44000244140625,190.89999389648438,198.72999572753906,21882422,0.0,0.0
2019-09-13 00:00:00-04:00,198.8000030517578,199.41990661621094,192.1199951171875,193.61000061035156,6806522,0.0,0.0
2019-09-20 00:00:00-04:00,194.0800018310547,196.7899932861328,189.17999267578125,191.5399932861328,9205563,0.0,0.0
2019-09-27 00:00:00-04:00,192.67999267578125,194.07000732421875,185.36000061035156,190.14999389648438,6475964,0.0,0.0
2019-10-04 00:00:00-04:00,190.4499969482422,198.22000122070312,188.94000244140625,198.1300048828125,6923892,0.0,0.0
2019-10-11 00:00:00-04:00,199.5500030517578,205.64999389648438,199.5500030517578,204.9600067138672,8971811,0.0,0.0
2019-10-18 00:00:00-04:00,203.6999969482422,209.02000427246094,203.0,206.83999633789062,6885691,0.0,0.0
2019-10-25 00:00:00-04:00,206.35000610351562,208.05999755859375,203.0,204.27000427246094,7682648,0.0,0.0
2019-11-01 00:00:00-04:00,205.17999267578125,205.66000366210938,191.2100067138672,202.82000732421875,11062431,0.0,0.0
2019-11-08 00:00:00-05:00,202.5800018310547,213.63999938964844,202.27000427246094,213.22000122070312,7287592,0.0,0.0
2019-11-15 00:00:00-05:00,214.30999755859375,219.97000122070312,212.25999450683594,216.74000549316406,7760456,0.0,0.0
2019-11-22 00:00:00-05:00,218.0,229.64999389648438,215.11000061035156,228.8300018310547,7110301,0.0,0.0
2019-11-29 00:00:00-05:00,228.73500061035156,230.82000732421875,220.89999389648438,230.7899932861328,6622739,0.0,0.0
2019-12-06 00:00:00-05:00,232.55999755859375,235.49609375,218.17999267578125,224.47000122070312,23632705,0.0,0.0
2019-12-13 00:00:00-05:00,220.42999267578125,227.32000732421875,218.8101043701172,224.1300048828125,14199744,0.0,0.0
2019-12-20 00:00:00-05:00,224.69000244140625,233.42120361328125,224.3907928466797,231.1699981689453,7159087,0.0,0.0
2019-12-27 00:00:00-05:00,232.55999755859375,233.47000122070312,227.52999877929688,233.4199981689453,5104091,0.0,0.0
2020-01-03 00:00:00-05:00,231.24000549316406,239.47000122070312,230.22999572753906,235.89999389648438,7155865,0.0,0.0
2020-01-10 00:00:00-05:00,236.2100067138672,247.50999450683594,233.25999450683594,243.7100067138672,9349463,0.0,0.0
2020-01-17 00:00:00-05:00,245.50999450683594,246.02000427246094,240.00050354003906,243.05999755859375,5014984,0.0,0.0
2020-01-24 00:00:00-05:00,243.74000549316406,245.05999755859375,231.83999633789062,243.77000427246094,4971394,0.0,0.0
2020-01-31 00:00:00-05:00,243.47999572753906,250.10000610351562,239.3000030517578,243.77999877929688,7213512,0.0,0.0
2020-02-07 00:00:00-05:00,243.77000427246094,256.79998779296875,242.1699981689453,253.86000061035156,4858350,0.0,0.0
2020-02-14 00:00:00-05:00,254.67999267578125,266.20001220703125,253.14999389648438,263.67999267578125,4651317,0.0,0.0
2020-02-21 00:00:00-05:00,263.0,265.1000061035156,220.2100067138672,220.6999969482422,9068062,0.0,0.0
2020-02-28 00:00:00-05:00,210.0,235.4199981689453,208.89999389648438,221.19000244140625,13381761,0.0,0.0
2020-03-06 00:00:00-05:00,213.25999450683594,223.35000610351562,167.33099365234375,169.1300048828125,13084171,0.0,0.0
2020-03-13 00:00:00-04:00,175.89999389648438,176.7899932861328,128.84500122070312,154.86000061035156,18065346,0.0,0.0
2020-03-20 00:00:00-04:00,163.50999450683594,202.86000061035156,162.60000610351562,200.8000030517578,19990401,0.0,0.0
2020-03-27 00:00:00-04:00,192.5,196.9600067138672,177.77000427246094,185.49000549316406,11878221,0.0,0.0
2020-04-03 00:00:00-04:00,184.7100067138672,206.0,179.10000610351562,203.50999450683594,10057791,0.0,0.0
2020-04-10 00:00:00-04:00,203.50999450683594,214.4250030517578,197.66000366210938,209.19000244140625,6927123,0.0,0.0
2020-04-17 00:00:00-04:00,215.25,226.4199981689453,206.5,211.63999938964844,10239890,0.0,0.0
2020-04-24 00:00:00-04:00,213.75999450683594,237.49000549316406,212.10000610351562,223.47999572753906,8073513,0.0,0.0
2020-05-01 00:00:00-04:00,219.11000061035156,228.58999633789062,213.97000122070312,225.99000549316406,7033898,0.0,0.0
2020-05-08 00:00:00-04:00,229.0,248.75,225.80999755859375,237.57000732421875,9608145,0.0,0.0
2020-05-15 00:00:00-04:00,234.88999938964844,268.2650146484375,234.00999450683594,267.5299987792969,8455133,0.0,0.0
2020-05-22 00:00:00-04:00,268.70001220703125,291.30999755859375,267.0199890136719,284.4200134277344,8661092,0.0,0.0
2020-05-29 00:00:00-04:00,285.9100036621094,324.70001220703125,284.15020751953125,317.4200134277344,15653470,0.0,0.0
2020-06-05 00:00:00-04:00,319.1600036621094,324.760009765625,306.6300048828125,308.1199951171875,12755330,0.0,0.0
2020-06-12 00:00:00-04:00,302.8399963378906,313.8299865722656,288.6099853515625,302.9800109863281,15295057,0.0,0.0
2020-06-19 00:00:00-04:00,306.9800109863281,310.2135925292969,288.5,295.1300048828125,8135323,0.0,0.0
2020-06-26 00:00:00-04:00,293.79998779296875,318.3236083984375,284.2900085449219,304.7699890136719,12687863,0.0,0.0
2020-07-03 00:00:00-04:00,304.7699890136719,319.1098937988281,303.67999267578125,315.20001220703125,8451817,0.0,0.0
2020-07-10 00:00:00-04:00,316.6400146484375,321.82000732421875,295.010009765625,313.0799865722656,8858713,0.0,0.0
2020-07-17 00:00:00-04:00,315.0199890136719,337.5672912597656,310.8599853515625,320.010009765625,8636685,0.0,0.0
2020-07-24 00:00:00-04:00,316.260009765625,333.8799133300781,313.6199951171875,323.6600036621094,7549997,0.0,0.0
2020-07-31 00:00:00-04:00,326.1700134277344,343.5899963378906,319.6000061035156,339.17999267578125,7031712,0.0,0.0
2020-08-07 00:00:00-04:00,339.0799865722656,354.5899963378906,334.8699951171875,350.2900085449219,7445891,0.0,0.0
2020-08-14 00:00:00-04:00,350.1499938964844,367.94000244140625,345.0299987792969,366.4200134277344,4619090,0.0,0.0
2020-08-21 00:00:00-04:00,367.45001220703125,384.04998779296875,364.54998779296875,374.8399963378906,6193247,0.0,0.0
2020-08-28 00:00:00-04:00,377.0,399.8965148925781,372.5,377.8699951171875,8337940,0.0,0.0
2020-09-04 00:00:00-04:00,372.3900146484375,376.3999938964844,315.25,320.0,18583870,0.0,0.0
2020-09-11 00:00:00-04:00,322.9966125488281,322.9966125488281,301.54998779296875,303.1099853515625,10652729,0.0,0.0
2020-09-18 00:00:00-04:00,304.7300109863281,331.8500061035156,287.2099914550781,315.5799865722656,16427836,0.0,0.0
2020-09-25 00:00:00-04:00,315.6099853515625,343.2698974609375,308.5899963378906,341.04998779296875,8298452,0.0,0.0
2020-10-02 00:00:00-04:00,333.0,343.93499755859375,327.0260009765625,337.94000244140625,7124973,0.0,0.0
2020-10-09 00:00:00-04:00,340.80999755859375,359.2349853515625,338.3999938964844,353.6099853515625,6255722,0.0,0.0
2020-10-16 00:00:00-04:00,356.1499938964844,358.56500244140625,316.4800109863281,325.6700134277344,6985564,0.0,0.0
2020-10-23 00:00:00-04:00,327.010009765625,340.8500061035156,322.82220458984375,330.1499938964844,5364321,0.0,0.0
2020-10-30 00:00:00-04:00,326.69000244140625,348.510009765625,307.8100891113281,347.17999267578125,6491575,0.0,0.0
2020-11-06 00:00:00-05:00,348.1499938964844,353.92999267578125,311.0400085449219,329.9100036621094,6275314,0.0,0.0
2020-11-13 00:00:00-05:00,330.5,345.3599853515625,322.1700134277344,344.6000061035156,4324626,0.0,0.0
2020-11-20 00:00:00-05:00,342.70001220703125,358.25,340.2950134277344,357.79998779296875,3414818,0.0,0.0
2020-11-27 00:00:00-05:00,361.6600036621094,383.5400085449219,357.489990234375,375.4200134277344,6606449,0.0,0.0
2020-12-04 00:00:00-05:00,378.8699951171875,380.2449951171875,359.7763977050781,369.07000732421875,9301588,0.0,0.0
2020-12-11 00:00:00-05:00,366.3299865722656,387.3699951171875,337.07000732421875,386.07000732421875,17205504,0.0,0.0
2020-12-18 00:00:00-05:00,387.05999755859375,387.2200012207031,350.45001220703125,351.4200134277344,8858152,0.0,0.0
2020-12-25 00:00:00-05:00,351.4200134277344,356.0,343.6700134277344,348.0299987792969,4569037,0.0,0.0
2021-01-01 00:00:00-05:00,348.0299987792969,374.20001220703125,346.4100036621094,367.2900085449219,6412071,0.0,0.0
2021-01-08 00:00:00-05:00,367.3599853515625,373.0798034667969,347.510009765625,347.7300109863281,6534522,0.0,0.0
2021-01-15 00:00:00-05:00,347.0,358.04998779296875,337.42999267578125,349.2200012207031,4754424,0.0,0.0
2021-01-22 00:00:00-05:00,349.1499938964844,350.16571044921875,312.8999938964844,330.239990234375,8175970,0.0,0.0
2021-01-29 00:00:00-05:00,327.8500061035156,345.0,322.010009765625,338.5899963378906,6334301,0.0,0.0
2021-02-05 00:00:00-05:00,340.20001220703125,347.0,332.9100036621094,345.8900146484375,5083763,0.0,0.0
2021-02-12 00:00:00-05:00,345.010009765625,345.6700134277344,325.75,336.8299865722656,3803996,0.0,0.0
2021-02-19 00:00:00-05:00,337.0,338.19000244140625,304.8699951171875,310.1199951171875,6850541,0.0,0.0
2021-02-26 00:00:00-05:00,312.3500061035156,321.25,280.4834899902344,285.1400146484375,9710627,0.0,0.0
2021-03-05 00:00:00-05:00,290.45001220703125,315.3399963378906,269.28009033203125,310.3399963378906,10320970,0.0,0.0
2021-03-12 00:00:00-05:00,304.4599914550781,316.88958740234375,299.010009765625,306.3500061035156,5414660,0.0,0.0
2021-03-19 00:00:00-04:00,305.3699951171875,321.29998779296875,298.5400085449219,306.2099914550781,6034624,0.0,0.0
2021-03-26 00:00:00-04:00,302.6095886230469,320.57989501953125,300.04998779296875,301.07000732421875,13041515,0.0,0.0
2021-04-02 00:00:00-04:00,301.07000732421875,313.8800048828125,295.8900146484375,312.55999755859375,6873398,0.0,0.0
2021-04-09 00:00:00-04:00,311.45001220703125,328.3999938964844,310.6000061035156,325.8299865722656,5800999,0.0,0.0
2021-04-16 00:00:00-04:00,325.510009765625,338.8800048828125,314.8299865722656,338.75,6244708,0.0,0.0
2021-04-23 00:00:00-04:00,338.6099853515625,347.0,334.8399963378906,342.8999938964844,4740441,0.0,0.0
2021-04-30 00:00:00-04:00,342.8599853515625,344.4530029296875,317.2900085449219,321.2799987792969,4440558,0.0,0.0
2021-05-07 00:00:00-04:00,322.0299987792969,331.6449890136719,304.0,307.92999267578125,5084166,0.0,0.0
2021-05-14 00:00:00-04:00,309.4200134277344,320.0400085449219,304.3800048828125,319.1700134277344,3475814,0.0,0.0
2021-05-21 00:00:00-04:00,322.8699951171875,331.3999938964844,310.41180419921875,328.1099853515625,5684952,0.0,0.0
2021-05-28 00:00:00-04:00,330.5199890136719,330.5199890136719,313.05999755859375,317.3599853515625,5308523,0.0,0.0
2021-06-04 00:00:00-04:00,321.8599853515625,338.20001220703125,318.5,329.79998779296875,6702830,0.0,0.0
2021-06-11 00:00:00-04:00,331.1000061035156,351.1000061035156,329.5375061035156,349.3999938964844,5343054,0.0,0.0
2021-06-18 00:00:00-04:00,346.2099914550781,364.9599914550781,343.489990234375,361.9100036621094,4713680,0.0,0.0
2021-06-25 00:00:00-04:00,365.0,371.0,361.0,364.2300109863281,5123729,0.0,0.0
2021-07-02 00:00:00-04:00,365.8699951171875,378.0,364.739990234375,373.5299987792969,3278330,0.0,0.0
2021-07-09 00:00:00-04:00,373.9100036621094,385.8999938964844,365.875,376.1700134277344,5430244,0.0,0.0
2021-07-16 00:00:00-04:00,376.4100036621094,397.5,364.510009765625,395.8500061035156,5045522,0.0,0.0
2021-07-23 00:00:00-04:00,394.989990234375,406.239990234375,385.7349853515625,402.8699951171875,4230166,0.0,0.0
2021-07-30 00:00:00-04:00,399.1400146484375,415.3399963378906,397.8299865722656,414.3900146484375,2798470,0.0,0.0
2021-08-06 00:00:00-04:00,412.44000244140625,413.489990234375,404.57501220703125,408.9100036621094,2722682,0.0,0.0
2021-08-13 00:00:00-04:00,409.0,409.135009765625,384.3599853515625,396.489990234375,3455116,0.0,0.0
2021-08-20 00:00:00-04:00,395.9200134277344,409.0400085449219,391.5799865722656,404.44000244140625,2648126,0.0,0.0
2021-08-27 00:00:00-04:00,403.760009765625,417.8500061035156,386.510009765625,388.3699951171875,4450094,0.0,0.0
2021-09-03 00:00:00-04:00,388.2699890136719,434.2225036621094,376.3699951171875,420.7099914550781,12462666,0.0,0.0
2021-09-10 00:00:00-04:00,424.0,430.04998779296875,414.0899963378906,426.44000244140625,6046891,0.0,0.0
2021-09-17 00:00:00-04:00,428.3999938964844,437.32000732421875,412.4849853515625,431.9100036621094,5567513,0.0,0.0
2021-09-24 00:00:00-04:00,427.44000244140625,434.92999267578125,403.32000732421875,404.70001220703125,4418845,0.0,0.0
2021-10-01 00:00:00-04:00,407.5199890136719,408.6099853515625,390.41571044921875,399.7200012207031,4082511,0.0,0.0
2021-10-08 00:00:00-04:00,401.4100036621094,410.6789855957031,383.239990234375,406.989990234375,4339735,0.0,0.0
2021-10-15 00:00:00-04:00,408.0899963378906,424.8500061035156,400.29998779296875,424.0400085449219,3048711,0.0,0.0
2021-10-22 00:00:00-04:00,422.489990234375,443.6000061035156,418.9039001464844,443.4599914550781,2933429,0.0,0.0
2021-10-29 00:00:00-04:00,446.6199951171875,478.6600036621094,446.0799865722656,473.94000244140625,4050829,0.0,0.0
2021-11-05 00:00:00-04:00,474.2799987792969,477.3789978027344,452.510009765625,453.0,3322616,0.0,0.0
2021-11-12 00:00:00-05:00,457.44000244140625,485.82501220703125,450.6099853515625,473.239990234375,4466814,0.0,0.0
2021-11-19 00:00:00-05:00,474.3500061035156,478.2799987792969,446.5799865722656,457.8599853515625,2903256,0.0,0.0
2021-11-26 00:00:00-05:00,460.17999267578125,468.7699890136719,441.3999938964844,450.67999267578125,4169538,0.0,0.0
2021-12-03 00:00:00-05:00,453.42999267578125,454.94000244140625,413.05999755859375,416.9200134277344,8843179,0.0,0.0
2021-12-10 00:00:00-05:00,410.0,421.3900146484375,385.1499938964844,390.6199951171875,8834939,0.0,0.0
2021-12-17 00:00:00-05:00,384.1499938964844,392.5299987792969,366.4534912109375,391.55999755859375,7958583,0.0,0.0
2021-12-24 00:00:00-05:00,391.55999755859375,406.0,391.55999755859375,398.69000244140625,3560942,0.0,0.0
2021-12-31 00:00:00-05:00,400.0,401.9700012207031,355.67498779296875,368.7699890136719,6790502,0.0,0.0
2022-01-07 00:00:00-05:00,366.0400085449219,366.989990234375,323.5000915527344,336.2699890136719,11092147,0.0,0.0
2022-01-14 00:00:00-05:00,333.5,340.2850036621094,321.6499938964844,322.5299987792969,5586730,0.0,0.0
2022-01-21 00:00:00-05:00,321.5,324.0,296.19000244140625,306.5199890136719,8405154,0.0,0.0
2022-01-28 00:00:00-05:00,303.260009765625,353.6199951171875,301.6000061035156,330.3500061035156,9002873,0.0,0.0
2022-02-04 00:00:00-05:00,329.75,343.9200134277344,327.6499938964844,334.3500061035156,4345680,0.0,0.0
2022-02-11 00:00:00-05:00,333.2099914550781,336.1000061035156,309.590087890625,310.0299987792969,4685806,0.0,0.0
2022-02-18 00:00:00-05:00,313.239990234375,315.4200134277344,283.2099914550781,310.3599853515625,4618767,0.0,0.0
2022-02-25 00:00:00-05:00,310.0,331.5,305.2900085449219,322.8399963378906,5913801,0.0,0.0
2022-03-04 00:00:00-05:00,321.260009765625,324.4700012207031,292.19000244140625,301.739990234375,6730113,0.0,0.0
2022-03-11 00:00:00-05:00,306.1300048828125,309.7699890136719,278.0,307.6000061035156,6283160,0.0,0.0
2022-03-18 00:00:00-04:00,304.9100036621094,318.5,303.5,317.739990234375,5538672,0.0,0.0
2022-03-25 00:00:00-04:00,319.0,389.1449890136719,316.0050048828125,365.2300109863281,17049143,0.0,0.0
2022-04-01 00:00:00-04:00,364.8999938964844,384.3999938964844,362.70001220703125,379.2300109863281,7409300,0.0,0.0
2022-04-08 00:00:00-04:00,376.5400085449219,398.5360107421875,361.1099853515625,390.7799987792969,8014509,0.0,0.0
2022-04-15 00:00:00-04:00,390.7799987792969,410.70001220703125,375.010009765625,377.25,6833584,0.0,0.0
2022-04-22 00:00:00-04:00,373.7300109863281,376.510009765625,350.04998779296875,362.42999267578125,6464551,0.0,0.0
2022-04-29 00:00:00-04:00,364.0199890136719,371.3599853515625,338.3299865722656,343.6000061035156,4673125,0.0,0.0
2022-05-06 00:00:00-04:00,336.260009765625,336.75,281.54998779296875,294.0,9191003,0.0,0.0
2022-05-13 00:00:00-04:00,303.1300048828125,316.489990234375,264.239990234375,271.2200012207031,7862020,0.0,0.0
2022-05-20 00:00:00-04:00,279.8900146484375,289.4700012207031,251.50999450683594,287.4800109863281,9936593,0.0,0.0
2022-05-27 00:00:00-04:00,288.82000732421875,303.239990234375,286.70001220703125,302.5799865722656,11308358,0.0,0.0
2022-06-03 00:00:00-04:00,303.45001220703125,312.89898681640625,293.57000732421875,302.29998779296875,8955044,0.0,0.0
2022-06-10 00:00:00-04:00,294.5799865722656,297.5,267.7799987792969,271.3399963378906,6091467,0.0,0.0
2022-06-17 00:00:00-04:00,271.2699890136719,288.4100036621094,271.1499938964844,286.3299865722656,4464667,0.0,0.0
2022-06-24 00:00:00-04:00,289.9200134277344,297.05999755859375,271.0,272.6099853515625,5462194,0.0,0.0
2022-07-01 00:00:00-04:00,269.135009765625,291.8699951171875,258.7900085449219,290.7200012207031,6172080,0.0,0.0
2022-07-08 00:00:00-04:00,288.9100036621094,295.4849853515625,271.04998779296875,278.989990234375,4495039,0.0,0.0
2022-07-15 00:00:00-04:00,280.8900146484375,308.25,280.6000061035156,307.3599853515625,4421994,0.0,0.0
2022-07-22 00:00:00-04:00,307.5,312.25,281.5700988769531,303.8500061035156,5049853,0.0,0.0
2022-07-29 00:00:00-04:00,304.3800048828125,317.57000732421875,299.5,316.3999938964844,4663370,0.0,0.0
2022-08-05 00:00:00-04:00,309.29998779296875,329.1000061035156,303.1600036621094,316.9800109863281,4589117,0.0,0.0
2022-08-12 00:00:00-04:00,320.70001220703125,335.7099914550781,317.0,333.4200134277344,4393626,0.0,0.0
2022-08-19 00:00:00-04:00,328.4800109863281,329.0190124511719,313.260009765625,323.3599853515625,3671916,0.0,0.0
2022-08-26 00:00:00-04:00,323.20001220703125,324.8999938964844,283.30999755859375,294.45001220703125,8866489,0.0,0.0
2022-09-02 00:00:00-04:00,326.3999938964844,346.0199890136719,311.1199951171875,345.7900085449219,17524753,0.0,0.0
2022-09-09 00:00:00-04:00,348.45001220703125,355.58599853515625,335.3699951171875,338.6000061035156,7323094,0.0,0.0
2022-09-16 00:00:00-04:00,331.8500061035156,337.45001220703125,306.0199890136719,306.29998779296875,6404172,0.0,0.0
2022-09-23 00:00:00-04:00,302.5,310.8900146484375,289.260009765625,300.2200012207031,7001711,0.0,0.0
2022-09-30 00:00:00-04:00,285.6499938964844,316.2699890136719,277.5,310.4800109863281,9489444,0.0,0.0
2022-10-07 00:00:00-04:00,303.54998779296875,306.44000244140625,279.1000061035156,294.510009765625,8161684,0.0,0.0
2022-10-14 00:00:00-04:00,300.2699890136719,308.8800048828125,286.2799987792969,293.1300048828125,7088433,0.0,0.0
2022-10-21 00:00:00-04:00,291.4599914550781,328.80999755859375,287.6400146484375,320.6099853515625,7832305,0.0,0.0
2022-10-28 00:00:00-04:00,314.1400146484375,337.1400146484375,310.5199890136719,318.1000061035156,6271978,0.0,0.0
2022-11-04 00:00:00-04:00,327.5299987792969,354.6449890136719,317.3900146484375,353.8500061035156,6548901,0.0,0.0
2022-11-11 00:00:00-05:00,353.42999267578125,370.4599914550781,345.7699890136719,354.2699890136719,7073524,0.0,0.0
2022-11-18 00:00:00-05:00,358.1199951171875,362.1050109863281,340.5,360.5299987792969,3970449,0.0,0.0
2022-11-25 00:00:00-05:00,359.45001220703125,386.45001220703125,358.760009765625,381.82000732421875,6062450,0.0,0.0
2022-12-02 00:00:00-05:00,375.510009765625,386.70001220703125,366.3900146484375,374.510009765625,8810828,0.0,0.0
2022-12-09 00:00:00-05:00,344.1300048828125,349.0,319.0,325.2099914550781,20935738,0.0,0.0
2022-12-16 00:00:00-05:00,322.07000732421875,326.5,306.3800048828125,312.92999267578125,9596702,0.0,0.0
2022-12-23 00:00:00-05:00,310.25,318.989990234375,307.6300048828125,316.82000732421875,4615842,0.0,0.0
2022-12-30 00:00:00-05:00,311.8599853515625,328.5400085449219,311.29998779296875,325.92999267578125,6115625,0.0,0.0
2023-01-06 00:00:00-05:00,329.5,334.2298889160156,289.4800109863281,314.989990234375,17543660,0.0,0.0
2023-01-13 00:00:00-05:00,311.1700134277344,327.760009765625,306.7025146484375,307.94000244140625,5838552,0.0,0.0
2023-01-20 00:00:00-05:00,307.25,319.125,302.1099853515625,309.5899963378906,9008548,0.0,0.0
2023-01-27 00:00:00-05:00,307.80999755859375,328.4200134277344,301.79998779296875,322.760009765625,9565218,0.0,0.0
2023-02-03 00:00:00-05:00,317.5,325.1000061035156,305.7799987792969,310.45001220703125,6334387,0.0,0.0
2023-02-10 00:00:00-05:00,306.9100036621094,328.1600036621094,305.7799987792969,321.8299865722656,5697723,0.0,0.0
2023-02-17 00:00:00-05:00,318.7699890136719,322.1099853515625,310.2149963378906,317.79998779296875,3658369,0.0,0.0
2023-02-24 00:00:00-05:00,313.3299865722656,313.5950012207031,303.80999755859375,311.6499938964844,5479792,0.0,0.0
2023-03-03 00:00:00-05:00,314.0,317.5899963378906,300.19000244140625,301.79998779296875,8241302,0.0,0.0
2023-03-10 00:00:00-05:00,302.8800048828125,302.9200134277344,286.57501220703125,297.3999938964844,12781974,0.0,0.0
2023-03-17 00:00:00-04:00,294.8699951171875,312.5799865722656,289.80999755859375,308.2200012207031,10475664,0.0,0.0
2023-03-24 00:00:00-04:00,308.05999755859375,370.25,306.5899963378906,358.0899963378906,23561651,0.0,0.0
2023-03-31 00:00:00-04:00,360.04998779296875,371.260009765625,357.7300109863281,364.3299865722656,8315635,0.0,0.0
2023-04-07 00:00:00-04:00,364.3299865722656,370.0,361.17340087890625,364.3800048828125,4597062,0.0,0.0
2023-04-14 00:00:00-04:00,364.0,377.8399963378906,363.8599853515625,376.7099914550781,6540704,0.0,0.0
2023-04-21 00:00:00-04:00,376.7099914550781,384.25,371.8599853515625,378.0799865722656,6360665,0.0,0.0
2023-04-28 00:00:00-04:00,377.1600036621094,387.67999267578125,375.9100036621094,382.05999755859375,6306714,0.0,0.0
2023-05-05 00:00:00-04:00,385.3299865722656,389.05999755859375,375.92999267578125,377.32000732421875,5256957,0.0,0.0
2023-05-12 00:00:00-04:00,377.010009765625,379.3500061035156,367.3500061035156,378.70001220703125,6452490,0.0,0.0
2023-05-19 00:00:00-04:00,375.2099914550781,375.2099914550781,340.95001220703125,342.3399963378906,8519263,0.0,0.0
2023-05-26 00:00:00-04:00,342.3399963378906,344.3900146484375,326.92999267578125,328.3500061035156,12222743,0.0,0.0
2023-06-02 00:00:00-04:00,378.2300109863281,386.3299865722656,350.8999938964844,354.95001220703125,16861937,0.0,0.0
2023-06-09 00:00:00-04:00,355.489990234375,383.19500732421875,354.010009765625,382.6300048828125,8512435,0.0,0.0
2023-06-16 00:00:00-04:00,386.8699951171875,386.8699951171875,375.9964904785156,377.9599914550781,5419645,0.0,0.0
2023-06-23 00:00:00-04:00,374.1000061035156,379.9599914550781,369.8399963378906,370.260009765625,7100458,0.0,0.0
2023-06-30 00:00:00-04:00,375.3699951171875,381.5,366.010009765625,367.0299987792969,4112577,0.0,0.0
2023-07-07 00:00:00-04:00,366.0,387.7300109863281,363.2550048828125,379.5400085449219,4547943,0.0,0.0
2023-07-14 00:00:00-04:00,379.7300109863281,394.5400085449219,377.5150146484375,381.8599853515625,5225228,0.0,0.0
2023-07-21 00:00:00-04:00,384.6199951171875,388.3800048828125,368.760009765625,370.75,6624188,0.0,0.0
2023-07-28 00:00:00-04:00,375.8699951171875,385.45001220703125,374.5249938964844,384.0,4977440,0.0,0.0
2023-08-04 00:00:00-04:00,385.4100036621094,394.6400146484375,373.7099914550781,384.54998779296875,4216084,0.0,0.0
2023-08-11 00:00:00-04:00,382.9800109863281,389.7799987792969,376.0400085449219,376.29998779296875,4028153,0.0,0.0
2023-08-18 00:00:00-04:00,372.5899963378906,385.739990234375,359.80999755859375,360.2200012207031,6837057,0.0,0.0
2023-08-25 00:00:00-04:00,362.05999755859375,382.8900146484375,360.4200134277344,381.260009765625,8094302,0.0,0.0
2023-09-01 00:00:00-04:00,393.0,406.94000244140625,385.1099853515625,398.989990234375,8852713,0.0,0.0
2023-09-08 00:00:00-04:00,401.04998779296875,401.375,384.30999755859375,388.739990234375,4345345,0.0,0.0
2023-09-15 00:00:00-04:00,388.8999938964844,397.989990234375,379.4200134277344,383.8999938964844,6362777,0.0,0.0
2023-09-22 00:00:00-04:00,387.5,391.7099914550781,375.6199951171875,379.0,6048223,0.0,0.0
2023-09-29 00:00:00-04:00,387.3500061035156,389.9599914550781,360.20001220703125,360.3599853515625,6961230,0.0,0.0
2023-10-06 00:00:00-04:00,360.0,378.8399963378906,354.6600036621094,373.94000244140625,6233357,0.0,0.0
2023-10-13 00:00:00-04:00,375.0,419.8599853515625,374.3999938964844,396.19000244140625,47867108,0.0,0.0
2023-10-20 00:00:00-04:00,397.42999267578125,406.80999755859375,386.0,388.6199951171875,8488235,0.0,0.0
2023-10-27 00:00:00-04:00,390.0,404.8699951171875,384.3699951171875,403.5,6240863,0.0,0.0
2023-11-03 00:00:00-04:00,408.7799987792969,415.1499938964844,404.5050048828125,406.5799865722656,4871483,0.0,0.0
2023-11-10 00:00:00-05:00,407.510009765625,437.05499267578125,404.8900146484375,420.2799987792969,6847356,0.0,0.0
2023-11-17 00:00:00-05:00,425.2200012207031,435.06500244140625,421.0400085449219,428.6300048828125,3754106,0.0,0.0
2023-11-24 00:00:00-05:00,428.29998779296875,448.7300109863281,426.35009765625,446.79998779296875,6861446,0.0,0.0
2023-12-01 00:00:00-05:00,447.6000061035156,467.6300048828125,447.6000061035156,464.6700134277344,11518010,0.0,0.0
2023-12-08 00:00:00-05:00,455.8800048828125,508.42999267578125,448.80999755859375,489.29998779296875,16008918,0.0,0.0
2023-12-15 00:00:00-05:00,486.4599914550781,511.6000061035156,483.80999755859375,511.0299987792969,7042607,0.0,0.0
2023-12-22 00:00:00-05:00,502.6000061035156,513.5,502.2200012207031,509.2200012207031,3572365,0.0,0.0
2023-12-29 00:00:00-05:00,509.8699951171875,516.3900146484375,495.010009765625,496.0,4309626,0.0,0.0
2024-01-05 00:00:00-05:00,495.9200134277344,499.2099914550781,478.1300048828125,485.4800109863281,6291502,0.0,0.0
2024-01-12 00:00:00-05:00,488.0799865722656,490.8399963378906,462.8399963378906,477.45001220703125,5250468,0.0,0.0
2024-01-19 00:00:00-05:00,477.760009765625,484.7449951171875,468.1600036621094,474.29998779296875,5569685,0.0,0.0
2024-01-26 00:00:00-05:00,475.0,491.2972106933594,451.3500061035156,461.94000244140625,7901549,0.0,0.0
2024-02-02 00:00:00-05:00,458.5,476.6199951171875,450.05999755859375,472.9800109863281,6365273,0.0,0.0
2024-02-09 00:00:00-05:00,466.6099853515625,478.0,454.0,458.9800109863281,5401881,0.0,0.0
2024-02-16 00:00:00-05:00,457.1199951171875,457.3900146484375,440.260009765625,455.260009765625,4439496,0.0,0.0
2024-02-23 00:00:00-05:00,458.5,474.1700134277344,454.2200012207031,467.0899963378906,5574518,0.0,0.0
2024-03-01 00:00:00-05:00,461.44000244140625,464.57000732421875,443.5199890136719,457.2799987792969,5544770,0.0,0.0
2024-03-08 00:00:00-05:00,461.2699890136719,472.05999755859375,453.6700134277344,470.010009765625,4442894,0.0,0.0
2024-03-15 00:00:00-04:00,467.1199951171875,480.94000244140625,454.2300109863281,478.8399963378906,10018163,0.0,0.0
2024-03-22 00:00:00-04:00,416.25,418.70001220703125,385.8800048828125,390.6499938964844,31724328,0.0,0.0
2024-03-29 00:00:00-04:00,390.6499938964844,394.0,356.75,357.55999755859375,10233657,0.0,0.0
2024-04-05 00:00:00-04:00,357.8999938964844,361.7200012207031,347.510009765625,349.9200134277344,9371049,0.0,0.0
2024-04-12 00:00:00-04:00,345.4700012207031,352.1000061035156,330.6099853515625,347.510009765625,11466798,0.0,0.0
2024-04-19 00:00:00-04:00,346.9599914550781,368.3599853515625,346.3900146484375,360.0,9396774,0.0,0.0
2024-04-26 00:00:00-04:00,359.42999267578125,367.5899963378906,348.510009765625,350.79998779296875,7343248,0.0,0.0
2024-05-03 00:00:00-04:00,355.20001220703125,357.897705078125,345.07000732421875,352.95001220703125,6930955,0.0,0.0
2024-05-10 00:00:00-04:00,352.8999938964844,355.44000244140625,337.5400085449219,338.2799987792969,8890345,0.0,0.0
2024-05-17 00:00:00-04:00,338.75,338.75,295.2799987792969,299.7349853515625,21185482,0.0,0.0
2024-05-24 00:00:00-04:00,301.5299987792969,307.3800048828125,293.03369140625,302.8999938964844,10373483,0.0,0.0
2024-05-31 00:00:00-04:00,307.9100036621094,337.760009765625,301.04998779296875,323.0299987792969,27414406,0.0,0.0
2024-06-07 00:00:00-04:00,321.19000244140625,329.7300109863281,303.8699951171875,307.489990234375,12685110,0.0,0.0
2024-06-14 00:00:00-04:00,305.1199951171875,315.5,303.1600036621094,310.7699890136719,6884409,0.0,0.0
2024-06-21 00:00:00-04:00,311.2699890136719,317.2099914550781,303.18499755859375,308.29998779296875,10067363,0.0,0.0
2024-06-28 00:00:00-04:00,302.0,304.3900146484375,295.489990234375,300.32000732421875,7410200,0.0,0.0
2024-07-05 00:00:00-04:00,303.1400146484375,303.1400146484375,283.489990234375,289.20001220703125,8967672,0.0,0.0
2024-07-12 00:00:00-04:00,292.80999755859375,296.3800048828125,282.03948974609375,291.760009765625,5861756,0.0,0.0
